ID1	ID2	ID5	ID18	ID14	IDA	IDB
PD44720_31	0.288365652294283	0.0607966494074592	0.650837698298258	0	0	0	0
PD44720_5	0.548143156702867	0.131377847406026	0.320478995891107	0	0	0	0
PD44720_40	0.357618288054341	0.0929009244613281	0.549480787484331	0	0	0	0
PD44720_49	0.62975737727148	0.0992093075238366	0.271033315204683	0	0	0	0
PD44720_21	0.595310496198835	0.204243620425429	0.200445883375736	0	0	0	0
PD44720_63	0.309796918127643	0.274675468929455	0.415527612942903	0	0	0	0
PD44720_35	0.326095989310183	0.106809675573933	0.567094335115884	0	0	0	0
PD44720_23	0.506210156340708	0.292889105657372	0.20090073800192	0	0	0	0
PD44720_28	0.262062963605859	0.0970873500906825	0.640849686303459	0	0	0	0
PD44720_19	0.342505657059928	0	0.657494342940072	0	0	0	0
PD44720_48	0.550232615363195	0.255311210426354	0.194456174210451	0	0	0	0
PD44720_32	0.340255169931395	0.0860067517336628	0.573738078334942	0	0	0	0
PD44720_20	0.378067444749692	0.122201190720102	0.499731364530205	0	0	0	0
PD44720_47	0.43026346195539	0.0920571056722696	0.47767943237234	0	0	0	0
PD44720_36	0.293911642159013	0.0859270659375826	0.620161291903405	0	0	0	0
PD44720_22	0.462646901842618	0.353385078923722	0.183968019233661	0	0	0	0
PD44720_11	0.333895321239651	0.18508257700834	0.481022101752008	0	0	0	0
PD44720_79	0.549964094984101	0.185589122496949	0.26444678251895	0	0	0	0
PD44720_29	0.369128466092571	0.235790345963865	0.395081187943564	0	0	0	0
PD44720_16	0.190995725524178	0.163081340307138	0.645922934168684	0	0	0	0
PD44720_13	0.165098188116691	0.198915328205407	0.422128769931711	0.213857713746191	0	0	0
PD44720_34	0.319858702459436	0.181406999448052	0.498734298092512	0	0	0	0
PD44721_56	0.570381153780491	0.334055155054984	0.0955636911645247	0	0	0	0
PD44721_18	0.513959003603872	0.344774326432235	0.141266669963892	0	0	0	0
PD44721_54	0.6045661500144	0.276131932262287	0.119301917723312	0	0	0	0
PD44721_31	0.558108309878667	0.274075120876564	0.167816569244769	0	0	0	0
PD44721_3	0.382907072334239	0.0880267431380141	0.529066184527747	0	0	0	0
PD44721_59	0.569735714657721	0.286676235598494	0.143588049743785	0	0	0	0
PD44721_6	0.57580415144712	0.199031942569466	0.225163905983415	0	0	0	0
PD44721_61	0.579612589566504	0.244038233335516	0.176349177097979	0	0	0	0
PD44721_7	0.619846187011459	0.188211828243785	0.191941984744756	0	0	0	0
PD44721_30	0.625801309865509	0.193278706217594	0.180919983916897	0	0	0	0
PD44721_55	0.573439308071297	0.321767001528789	0.104793690399915	0	0	0	0
PD44721_11	0.400001002565978	0.131868680079675	0.468130317354346	0	0	0	0
PD44721_63	0.642392035621729	0.231329437554085	0.126278526824186	0	0	0	0
PD44721_58	0.497460630144529	0.306482577051116	0.091646853155082	0	0	0	0.104409939649273
PD44721_68	0.449826247273742	0.209421236247513	0.340752516478745	0	0	0	0
PD44721_8	0.344839647009595	0.130116178925138	0.525044174065267	0	0	0	0
PD44721_25	0.565937806321982	0.171811769607301	0.262250424070717	0	0	0	0
PD44721_32	0.603955611284072	0.151755195024493	0.244289193691434	0	0	0	0
PD44721_23	0.449245487270237	0.193786903216142	0.35696760951362	0	0	0	0
PD44721_57	0.533880567350428	0.338605046010477	0.127514386639095	0	0	0	0
PD44721_37	0.375550641155132	0.18269686386256	0.441752494982308	0	0	0	0
PD44721_48	0.54511273418491	0.281747334860508	0.173139930954582	0	0	0	0
PD44721_15	0.596361397175755	0.195431338032697	0.208207264791548	0	0	0	0
PD44721_72	0.321386278009424	0.196497668066323	0.482116053924253	0	0	0	0
PD44721_4	0.467543457194818	0.125859254305967	0.406597288499215	0	0	0	0
PD44721_22	0.578587005779911	0.0924859721575774	0.328927022062512	0	0	0	0
PD44721_20	0.461169912502862	0.538830087497138	0	0	0	0	0
PD44721_52	0.464962541532395	0.0527053012194006	0.482332157248204	0	0	0	0
PD44721_29	0.62438019735655	0.19717943873176	0.178440363911689	0	0	0	0
PD44721_13	0.384277974313849	0.128063469636159	0.487658556049992	0	0	0	0
PD44721_47	0.62092088321985	0.127421639317977	0.251657477462173	0	0	0	0
PD44721_33	0.510128696446168	0.272117308391903	0.217753995161929	0	0	0	0
PD44721_67	0.433990901644146	0.198012992516718	0.367996105839136	0	0	0	0
PD44721_51	0.491616619691526	0.108326987724187	0.400056392584287	0	0	0	0
PD44721_2	0.329767329320775	0.102527877984489	0.567704792694736	0	0	0	0
PD44721_1	0.379839663656019	0.108583255284358	0.511577081059623	0	0	0	0
PD44721_5	0.54976656672272	0.188585498613888	0.261647934663392	0	0	0	0
PD44721_69	0.480725427146585	0.360875849061832	0.158398723791583	0	0	0	0
PD44721_12	0.351984564442094	0	0.648015435557906	0	0	0	0
PD44721_28	0.379691921854909	0.170408336135609	0.449899742009482	0	0	0	0
PD40734_4	0.23424583527749	0.0551770517742259	0.710577112948284	0	0	0	0
PD40734_31	0.0818715007325231	0	0.193328602443836	0.0958157384094373	0	0.628984158414203	0
PD40734_106	0.249769836597254	0.0760379199534317	0.214587068898248	0	0	0.459605174551067	0
PD40734_108	0.549670598907904	0.300355895497795	0.149973505594301	0	0	0	0
PD40734_7	0.098689324330668	0.123228012992825	0.306069090891994	0	0	0.472013571784513	0
PD40734_47	0.15702967023206	0	0.146805384526866	0	0	0.696164945241074	0
PD40734_35	0.183567113428883	0	0.111602958454205	0	0	0.704829928116912	0
PD40734_30	0.0717596547821104	0	0.0736878359188223	0	0	0.854552509299067	0
PD40734_48	0.0729721712856567	0	0.112130108710908	0	0	0.814897720003435	0
PD40734_18	0.26397447987281	0.0560729513815609	0.679952568745629	0	0	0	0
PD40734_9	0.187465625513637	0.0915905814419319	0.212250357841706	0	0	0.508693435202726	0
PD40734_15	0.27255661907392	0.133421678240315	0.594021702685765	0	0	0	0
PD40734_46	0.0911282385474794	0.0672106935299643	0.0958944352537106	0	0	0.745766632668846	0
PD40734_84	0.128775745925056	0	0.164707975886821	0	0	0.706516278188123	0
PD40734_79	0.191046457001895	0.142299426223553	0	0	0	0.666654116774552	0
PD40734_107	0.0609039595760381	0	0	0	0	0.939096040423962	0
PD40734_32	0.0589657081995989	0.141982269620279	0.154215801901258	0	0	0.644836220278864	0
PD40734_53	0.4742704032087	0.19641353344481	0.329316063346489	0	0	0	0
PD40734_45	0.149277778277101	0	0.232848542620462	0	0	0.617873679102436	0
PD40734_19	0.55230053305259	0.127794859656966	0.319904607290444	0	0	0	0
PD40734_28	0.184287833096758	0	0.177513206830721	0	0	0.638198960072521	0
PD40734_17	0.134060656949972	0.0757661287221129	0.0649548956412402	0	0	0.725218318686675	0
PD40734_73	0.0887071929698514	0	0.137122715613934	0	0	0.774170091416215	0
PD40734_40	0.0998156325588508	0.0998146636803909	0.120504570569119	0	0	0.67986513319164	0
PD40734_16	0.244361985581551	0.0948838837580764	0.120926261293434	0	0	0.539827869366938	0
PD40734_37	0.082173310732523	0.0731187923748294	0.0558546849123862	0.0933684088277484	0	0.695484803152513	0
PD40734_36	0.098404992384298	0.101901231056832	0	0	0	0.79969377655887	0
PD40734_33	0.132633491320259	0.0673688051306071	0.0530280969533837	0	0	0.746969606595751	0
PD40734_34	0.146874850749644	0.0773920594091213	0.124611195782971	0	0	0.651121894058264	0
PD40734_29	0.170961058124858	0.0843573749833369	0.23293864096566	0	0	0.511742925926145	0
PD40734_44	0	0	0.0698215787137121	0	0	0.930178421286288	0
PD40734_38	0.274993241492121	0.131640954836438	0.189858378555162	0	0	0.403507425116279	0
PD40734_43	0.0971444851476024	0.0503918338278752	0.226351507871906	0	0	0.626112173152617	0
PD40734_22	0.0624857729911341	0	0.0710746783117782	0	0	0.866439548697088	0
PD40734_100	0.231400404909679	0.18238554332523	0	0	0	0.586214051765091	0
PD40734_77	0.149803578975798	0.0727112984655719	0.111527473049795	0	0	0.665957649508835	0
PD40734_13	0.220629092724341	0.05651264574336	0.0724481617911539	0	0	0.650410099741145	0
PD40734_49	0	0	0.336957275198492	0	0	0.663042724801508	0
PD40734_6	0.158472664892495	0	0.27950116594198	0	0	0.562026169165525	0
PD40734_20	0	0	0.237074472001161	0	0	0.762925527998839	0
PD40734_61	0.110265606536284	0.0757062651464199	0.126831360669481	0	0	0.687196767647815	0
PD40734_24	0.124124343196934	0.097812843594261	0.394014602191581	0	0	0.384048211017224	0
PD40734_25	0.177190057357262	0	0.294251680516356	0	0	0.528558262126382	0
PD40734_109	0.468714529124905	0.307106005213313	0.224179465661782	0	0	0	0
PD40734_52	0.445397121464686	0.200542502468369	0.354060376066945	0	0	0	0
PD40734_3	0.148522625109377	0	0.851477374890623	0	0	0	0
PD40734_21	0.145019574200285	0.0738754145501134	0.157342213480234	0	0	0.623762797769368	0
PD40734_105	0.144646241219538	0	0.0907525918815229	0	0	0.764601166898939	0
PD40734_39	0.118778387257835	0.0995027161602111	0.359427439582928	0	0	0.422291456999026	0
PD40734_8	0.0662515699882289	0	0.346820767038015	0	0	0.586927662973756	0
PD40734_60	0.205913074839576	0.214032950008886	0.202931894827185	0	0	0.377122080324353	0
PD40734_12	0.136841479342643	0.0633230830293124	0.251595951772347	0	0	0.548239485855698	0
PD40734_23	0.0726300232795845	0	0.0890625476547395	0	0	0.838307429065676	0
PD40734_41	0.391956670165327	0.121337234370884	0.486706095463789	0	0	0	0
PD42778_4	0.123979599941032	0.131933737910647	0.497106319488279	0	0.246980342660042	0	0
PD42778_10	0.44977531203667	0.10936554025596	0.440859147707371	0	0	0	0
PD42778_173	0.377441555450363	0.336435520306251	0.131527760331542	0	0.154595163911844	0	0
PD42778_93	0.401421009699304	0.085273512310477	0.513305477990219	0	0	0	0
PD42778_134	0.36914731029955	0.23281466634042	0.39803802336003	0	0	0	0
PD42778_136	0.259586595410669	0.121771720296153	0.618641684293178	0	0	0	0
PD42778_195	0.515483616186421	0.104893294975911	0.379623088837668	0	0	0	0
PD42778_29	0.323005789947158	0.143547884498699	0.533446325554143	0	0	0	0
PD42778_60	0.241924233792843	0.230715635827672	0.2985887670738	0.0622746408616015	0.166496722444083	0	0
PD42778_61	0.397936981909808	0.109586794181313	0.492476223908879	0	0	0	0
PD42778_210	0.339353074867778	0.328820645413331	0.126529454456992	0	0.205296825261899	0	0
PD42778_26	0.326141012352444	0.10147781709941	0.572381170548146	0	0	0	0
PD42778_95	0.405831336715536	0.332674323193209	0.261494340091255	0	0	0	0
PD42778_75	0.146088670173719	0.120932553662941	0.338674258793596	0	0	0	0.394304517369744
PD42778_101	0.223475842612258	0.101506055417728	0.675018101970013	0	0	0	0
PD42778_87	0.291531178585003	0.0726673234887809	0.635801497926217	0	0	0	0
PD42778_212	0.280416452707323	0.376754199029095	0.120265248075805	0	0.222564100187777	0	0
PD42778_3	0.304343932198285	0.0702791432151215	0.625376924586594	0	0	0	0
PD42778_51	0.352013625014738	0.0609687158209809	0.587017659164281	0	0	0	0
PD42778_96	0.222341790711679	0.416240367245408	0.15524767983458	0	0.206170162208333	0	0
PD42778_35	0.566189248263173	0.177581397712356	0.256229354024471	0	0	0	0
PD42778_30	0.421206255963379	0.20321013948566	0.375583604550961	0	0	0	0
PD42778_22	0.213016325083296	0.234057407322976	0.552926267593727	0	0	0	0
PD42778_31	0.411544466859206	0.277496680506764	0.179768534247181	0	0.13119031838685	0	0
PD42778_147	0.432361529116161	0.213679829663215	0.353958641220624	0	0	0	0
PD42778_185	0.618517466158576	0.145257393437997	0.236225140403427	0	0	0	0
PD42778_213	0.30302884064498	0.352503208606563	0.139844821343705	0	0.204623129404752	0	0
PD42778_98	0.420223564602795	0.352023889745741	0.227752545651465	0	0	0	0
PD42778_71	0.283906343150445	0.0676949316896411	0.546985736045408	0.101412989114506	0	0	0
PD42778_163	0.417758902908935	0	0.582241097091065	0	0	0	0
PD42778_41	0.312448237777664	0.0658270235678109	0.534333232917588	0.0873915057369371	0	0	0
PD42778_88	0.208359661777084	0.103632171683695	0.547899570885175	0.140108595654046	0	0	0
PD42778_59	0.346562763731328	0.297564288669907	0.355872947598765	0	0	0	0
PD42778_48	0.25061744620872	0.137000837810707	0.612381715980573	0	0	0	0
PD42778_76	0.262773827734079	0	0.65019083284468	0.0870353394212406	0	0	0
PD42778_23	0.184829295473452	0.082006163808148	0.7331645407184	0	0	0	0
PD42778_143	0.23237704924019	0.121570649456702	0.646052301303108	0	0	0	0
PD42778_16	0.408852629636473	0.10491887389924	0.486228496464288	0	0	0	0
PD42778_5	0.227631456165409	0.105816059265044	0.523848584287488	0.142703900282059	0	0	0
PD42778_179	0.457760825197224	0.154221878953839	0.388017295848937	0	0	0	0
PD42778_102	0.260911101458248	0.133321619996892	0.605767278544861	0	0	0	0
PD42778_21	0.230561413948349	0.202441654793059	0.566996931258592	0	0	0	0
PD42778_151	0.529126218595809	0.267239167691534	0.203634613712657	0	0	0	0
PD42778_204	0.361629355271699	0.172459180973999	0.465911463754301	0	0	0	0
PD42778_191	0.363962400765936	0.259386617236906	0.376650981997158	0	0	0	0
PD42778_175	0.345176043915722	0.28345673401433	0.188354769753986	0	0.183012452315963	0	0
PD42778_12	0.272016216327994	0.0699224489224424	0.658061334749564	0	0	0	0
PD42778_158	0.300983071634507	0.148374438340332	0.550642490025161	0	0	0	0
PD42778_104	0.252496361328361	0.126962148647378	0.620541490024262	0	0	0	0
PD42778_94	0.415610533401486	0.0720055113691741	0.51238395522934	0	0	0	0
PD42778_97	0.268350877384557	0.199539005187864	0.221553355721023	0	0.310556761706557	0	0
PD42778_100	0.18355613145986	0.0787527835507072	0.737691084989433	0	0	0	0
PD42778_170	0.392400569345673	0.153111635102786	0.454487795551541	0	0	0	0
PD42778_111	0.260772858203937	0.154749628788777	0.584477513007286	0	0	0	0
PD42778_106	0.276172403350537	0.101844637746664	0.621982958902799	0	0	0	0
PD42778_74	0.247820743311808	0.0533361812336208	0.698843075454571	0	0	0	0
PD42778_8	0.356861212792086	0.0760542646034594	0.567084522604455	0	0	0	0
PD42778_9	0.412150091949563	0.11683298854525	0.471016919505188	0	0	0	0
PD42778_39	0.297890039091759	0.0744682456361906	0.62764171527205	0	0	0	0
PD42778_103	0.299292922633111	0	0.700707077366889	0	0	0	0
PD42778_164	0.371374626619401	0.0683457740392143	0.560279599341384	0	0	0	0
PD42778_150	0.437263128153736	0.434442761799753	0.128294110046511	0	0	0	0
PD42778_70	0.326873572443559	0.155547508181354	0.517578919375087	0	0	0	0
PD42778_112	0.285416325188904	0.086457222915975	0.628126451895121	0	0	0	0
PD42778_2	0.235436882741807	0.10213792635222	0.238755772096141	0	0	0	0.423669418809832
PD42778_148	0.532535267087084	0.213161705802193	0.254303027110724	0	0	0	0
PD42778_107	0.201909266329009	0.100612086388722	0.551444700452278	0.146033946829992	0	0	0
PD42778_40	0.236304284534857	0.114685783530804	0.649009931934338	0	0	0	0
PD42778_85	0.315756699525029	0.102005367127627	0.582237933347344	0	0	0	0
PD42778_42	0.271028961634049	0	0.728971038365951	0	0	0	0
PD42778_227	0.418397355195122	0.190615400479847	0.390987244325031	0	0	0	0
PD42778_11	0.522067256000897	0.247175828209964	0.230756915789138	0	0	0	0
PD42778_92	0.280110860642812	0.126059206341091	0.593829933016096	0	0	0	0
PD42778_6	0.325534771642382	0.133567061060435	0.540898167297183	0	0	0	0
PD42778_86	0.203771266273554	0.160398324885867	0.635830408840579	0	0	0	0
PD42778_131	0.297122378632156	0.109653205051909	0.462140549229144	0	0	0.131083867086791	0
PD42778_50	0.314334931162753	0.0758851128766045	0.609779955960642	0	0	0	0
PD42778_15	0.183572457592095	0.145233984832027	0.671193557575877	0	0	0	0
PD42778_110	0.252080686388614	0.0821336312802819	0.665785682331104	0	0	0	0
PD42778_114	0.360897579044033	0.0864206841937811	0.552681736762185	0	0	0	0
PD42778_7	0.326858696530566	0.0801912815271647	0.59295002194227	0	0	0	0
PD42778_69	0.209368266770086	0.0652965839813044	0.548266109090391	0.177069040158218	0	0	0
PD42778_43	0.228782781477524	0.0642316604624176	0.706985558060058	0	0	0	0
PD42778_113	0.220323162656436	0.0884970534041787	0.691179783939385	0	0	0	0
PD42778_20	0.270944653532958	0.0570761278464626	0.497805772821976	0.174173445798603	0	0	0
PD42778_105	0.300113507883817	0.110779076178603	0.589107415937579	0	0	0	0
PD42778_49	0.268931638609389	0.0548355511068694	0.676232810283742	0	0	0	0
PD42778_62	0.191711498009468	0.107622664102806	0.700665837887726	0	0	0	0
PD42778_222	0.335380920623841	0.193034681419207	0.471584397956953	0	0	0	0
PD42778_73	0.227525925882448	0.118158702012181	0.654315372105371	0	0	0	0
PD42778_72	0.229196897283845	0.16065380953038	0.610149293185775	0	0	0	0
PD42778_108	0.276090532059543	0.109347211848471	0.515287338136115	0.0992749179558709	0	0	0
PD42778_99	0.373981627272277	0.112179967406722	0.203090076373625	0	0.310748328947376	0	0
PD42778_149	0.384392223575269	0.347778528296331	0.2678292481284	0	0	0	0
PD42778_200	0.40062026813158	0	0.59937973186842	0	0	0	0
PD44893_3	0.30430716972416	0.134111858753947	0.561580971521892	0	0	0	0
PD44893_2	0.343425584279375	0.134491763822312	0.522082651898313	0	0	0	0
PD44893_1	0.295509426401607	0.183194121804729	0.463971473585725	0.0573249782079386	0	0	0
PD44894_1	0.10034626103398	0.0615806124958899	0.260038426293384	0.578034700176746	0	0	0
PD44894_3	0.167708811317665	0.0935923777406542	0.343265807553391	0.39543300338829	0	0	0
PD44894_2	0.135779604336882	0.0727183786130119	0.41308522078439	0.378416796265716	0	0	0
PD44895_1	0.389424837237584	0.199300067824487	0.41127509493793	0	0	0	0
PD44895_3	0.367206385509516	0.18418633027579	0.448607284214694	0	0	0	0
PD44895_2	0.356851378784288	0.175641218447986	0.467507402767726	0	0	0	0
PD44896_3	0.179563076846113	0	0.596705220937966	0.223731702215921	0	0	0
PD44896_1	0.126316004013319	0.0883800466182771	0.525103169266558	0.260200780101846	0	0	0
PD44896_2	0.286986828974409	0.126332347974601	0.478195968911792	0.108484854139198	0	0	0
PD44897_1	0.245527954615546	0.204666717754715	0.549805327629739	0	0	0	0
PD44897_2	0.222340934865226	0.095833827416025	0.681825237718748	0	0	0	0
PD44897_3	0.218732693256711	0.240060277857569	0.54120702888572	0	0	0	0
PD44900_1	0.323489204787286	0.222947946863736	0.453562848348977	0	0	0	0
PD44900_2	0.310527406567028	0.143692543758179	0.545780049674793	0	0	0	0
PD44900_3	0.328554169562589	0.162973410100214	0.508472420337197	0	0	0	0
PD44901_1	0.301012166598096	0.105560768419356	0.593427064982548	0	0	0	0
PD44901_2	0.359122426275818	0.179454625514992	0.461422948209189	0	0	0	0
PD44901_3	0.402268904584526	0.154567590835383	0.443163504580091	0	0	0	0
PD44902_3	0.0877625006457672	0.0587513597758196	0.326048167590357	0.527437971988056	0	0	0
PD44902_1	0.293018302376866	0.140953934284522	0.266399150384845	0.299628612953767	0	0	0
PD44902_2	0.173912951596823	0.0771414508950471	0.374046130358755	0.374899467149375	0	0	0
PD44892_1	0.153991278949172	0.0677823687667742	0.31328736350731	0.464938988776744	0	0	0
PD44892_3	0.128382499902362	0	0.432202264918326	0.439415235179312	0	0	0
PD44892_2	0.108500998001665	0.0671899460432834	0.492422662903974	0.331886393051078	0	0	0
PD44899_3	0.396255920724211	0.128851175592224	0.474892903683565	0	0	0	0
PD44899_2	0.404514706573891	0.0758935427927012	0.519591750633408	0	0	0	0
PD44899_1	0.329939680532205	0.150237853348196	0.519822466119599	0	0	0	0
PD44898_3	0.281463948590334	0.197158244924361	0.521377806485304	0	0	0	0
PD44898_1	0.258993848705655	0.193001438223907	0.486684047777809	0.0613206652926299	0	0	0
PD44898_2	0.228382107670576	0.149814592547689	0.52821849427428	0.0935848055074552	0	0	0
PD40734a_lo0017	0.136181519804583	0.100206309664813	0.300592809976527	0	0	0.463019360554077	0
PD42778g_lo0016	0.211369808596129	0.241573208062623	0.547056983341248	0	0	0	0
PD44720g_lo0041	0.212556093333567	0.363396874117572	0.424047032548861	0	0	0	0
PD44720g_lo0042	0.196083146440729	0.0784369192024544	0.725479934356816	0	0	0	0
PD44720g_lo0039	0.274787473980368	0.179268619324451	0.545943906695181	0	0	0	0
PD44720g_lo0040	0.288074918962039	0.137202711444546	0.574722369593415	0	0	0	0
PD44720g_lo0038	0.265784517906514	0.178875076637374	0.555340405456113	0	0	0	0
PD44720g_lo0035	0.555077097907608	0.128713085530248	0.316209816562145	0	0	0	0
PD44720g_lo0045	0.371784471957243	0.245247044217249	0.382968483825508	0	0	0	0
PD44720g_lo0046	0.361867638882344	0.187859583712975	0.450272777404682	0	0	0	0
PD44720g_lo0043	0.258166106934232	0.0660595032503433	0.566403281092104	0.109371108723321	0	0	0
PD44720i_lo0006	0.260292193271926	0.220982069225739	0.294877178056316	0.22384855944602	0	0	0
PD44720c_lo0070	0.501537407388214	0.0592036942661216	0.439258898345665	0	0	0	0
PD44720c_lo0069	0.428051875062118	0	0.355036497507985	0	0	0.216911627429897	0
PD44720c_lo0071	0.412661555891244	0.105847672448536	0.48149077166022	0	0	0	0
PD44720c_lo0033	0.378657789038307	0.0640465770257619	0.557295633935931	0	0	0	0
PD44720c_lo0068	0.292096351544236	0.0632736203034139	0.487047067197491	0.157582960954859	0	0	0
PD44720c_lo0035	0.234418050767088	0.171021546848313	0.594560402384599	0	0	0	0
PD44720c_lo0007	0.295792347422299	0.317057490908672	0.387150161669029	0	0	0	0
HLS_4_control	0.360665189742767	0.19600958890815	0.380729651995797	0.062595569353286	0	0	0
HLS_1_control	0.270840824785566	0.234907735493777	0.40086638964272	0.0933850500779371	0	0	0
HLS_5_control	0.289129426572412	0.0964888262727424	0.532130644979734	0.0822511021751116	0	0	0
HLS_2_control	0.270892971504415	0.185138096477005	0.54396893201858	0	0	0	0
HLS_3_control	0.359419793933468	0.193394920747015	0.306109053185055	0.141076232134462	0	0	0
HLS_6_control	0.273344247071808	0.215072602568756	0.367374670194794	0.144208480164643	0	0	0
PD28690_3_control	0.338635064455626	0.140381193682951	0.520983741861423	0	0	0	0
PD28690_5_control	0.183194343073589	0.234074471402515	0.510331925586128	0.0723992599377671	0	0	0
PD28690_4_control	0.249730610624544	0.111384501362366	0.539436145997944	0.0994487420151462	0	0	0
PD28690_6_control	0.334507068776102	0.0832936683389964	0.582199262884901	0	0	0	0
PD28690_1_control	0.371819358659741	0.0711895523539941	0.556991088986265	0	0	0	0
PD28690_2_control	0.242999415538377	0.226085030228631	0.530915554232992	0	0	0	0
PD28690_11_control	0.2087693708274	0.0712909149935912	0.103014935434324	0.616924778744685	0	0	0
PD34199_21_control	0.398487590156412	0.154888746452384	0.446623663391204	0	0	0	0
PD34199_10_control	0.423979326406839	0.133343258741394	0.442677414851767	0	0	0	0
PD34199_4_control	0.445297688657579	0.0604185653412275	0.494283746001194	0	0	0	0
PD34199_7_control	0.359582032749095	0.196437411957309	0.443980555293596	0	0	0	0
PD34199_5_control	0.472667486770085	0.120974343639845	0.40635816959007	0	0	0	0
PD34199_2_control	0.447218842395491	0.10122340159758	0.451557756006928	0	0	0	0
PD34199_19_control	0.368351329256344	0.143186383293909	0.488462287449747	0	0	0	0
PD34199_9_control	0.373438382207197	0.0982170072876389	0.528344610505164	0	0	0	0
PD34199_17_control	0.248860497396659	0.103396199260588	0.507474517619295	0.140268785723457	0	0	0
PD34199_18_control	0.352511663550757	0.185370411345978	0.462117925103265	0	0	0	0
PD34199_11_control	0.500173095323092	0.11304040668631	0.386786497990598	0	0	0	0
PD34199_8_control	0.407401681404031	0.0677510099676095	0.524847308628359	0	0	0	0
PD34199_6_control	0.396864308683872	0.0768879511146817	0.526247740201446	0	0	0	0
PD34199_13_control	0.472813441590099	0.193708413837292	0.33347814457261	0	0	0	0
PD34199_1_control	0.31378362517601	0.0844535477929536	0.601762827031037	0	0	0	0
PD34199_14_control	0.416056819723205	0.187231353954362	0.396711826322433	0	0	0	0
PD34199_16_control	0.417101760434639	0.173676431170158	0.409221808395203	0	0	0	0
PD34199_3_control	0.304071108643118	0.191859312082338	0.504069579274544	0	0	0	0
PD34199_20_control	0.361835404330618	0.0632145480199214	0.574950047649461	0	0	0	0
PD34199_15_control	0.429738006536022	0.189592975473739	0.380669017990239	0	0	0	0
PD34199_12_control	0.321103996112886	0.174310294061641	0.504585709825473	0	0	0	0
PD34200_17_control	0.279563184092401	0.298454239944975	0.421982575962623	0	0	0	0
PD34200_16_control	0.175584092507867	0.242146758382605	0.429093643820588	0.15317550528894	0	0	0
PD34200_2_control	0.304500405397014	0.23326099906384	0.462238595539146	0	0	0	0
PD34200_9_control	0.387160743642615	0.147470385052354	0.465368871305031	0	0	0	0
PD34200_35_control	0.285608416218823	0.17241286577669	0.541978718004487	0	0	0	0
PD34200_21_control	0.304717836540575	0.249114092152535	0.44616807130689	0	0	0	0
PD34200_12_control	0.341505814041424	0.199667576197823	0.458826609760753	0	0	0	0
PD34200_27_control	0.322247226260211	0.187909656844849	0.48984311689494	0	0	0	0
PD34200_18_control	0.316735676937038	0.149448382375731	0.533815940687231	0	0	0	0
PD34200_36_control	0.251763587880519	0.114226311783242	0.535855853186835	0.0981542471494038	0	0	0
PD34200_13_control	0.347866014544082	0.197597999450097	0.454535986005821	0	0	0	0
PD34200_5_control	0.287454742807129	0.20052468546344	0.512020571729431	0	0	0	0
PD34200_3_control	0.430222853251015	0.213246296932417	0.356530849816568	0	0	0	0
PD34200_4_control	0.456254526845282	0.203522453476597	0.340223019678122	0	0	0	0
PD34200_26_control	0.265117164918974	0.171023782558355	0.446951100086735	0.116907952435935	0	0	0
PD34200_28_control	0.399372726199597	0.0963204902672707	0.504306783533132	0	0	0	0
PD34200_31_control	0.221686910930664	0.149957818539047	0.427604792907739	0.20075047762255	0	0	0
PD34200_11_control	0.363060221424107	0.177554904434947	0.459384874140946	0	0	0	0
PD34200_22_control	0.107336205228027	0.189699387045273	0.451203864383303	0	0	0	0.251760543343397
PD34200_41_control	0.242649513732392	0.160686653350265	0.596663832917343	0	0	0	0
PD34200_1_control	0.235159461529517	0.255768871117365	0.369061365392654	0.140010301960463	0	0	0
PD34200_80_control	0.247797512809043	0.244121816226312	0.508080670964645	0	0	0	0
PD34200_32_control	0.256327427962567	0.287577381914924	0.456095190122508	0	0	0	0
PD34200_8_control	0.333218757961743	0.157396730748381	0.509384511289876	0	0	0	0
PD34200_29_control	0.303637163253654	0.188781931843202	0.507580904903143	0	0	0	0
PD34200_19_control	0.251418772331551	0.181570932776857	0.567010294891591	0	0	0	0
PD34200_10_control	0.315964405439763	0.064026620386777	0.62000897417346	0	0	0	0
PD34200_39_control	0.222827649415811	0.056754055631739	0.5675047017676	0.15291359318485	0	0	0
PD34200_20_control	0.316701504961307	0.2382453600506	0.445053134988093	0	0	0	0
PD34200_25_control	0.287549078479626	0.105852570004691	0.47209907007795	0.134499281437733	0	0	0
PD34200_30_control	0.214646743045505	0.210524242571641	0.574829014382854	0	0	0	0
PD34200_43_control	0.175091961832652	0.229011030694267	0.322743267793231	0.27315373967985	0	0	0
PD34200_24_control	0.268656115463251	0.202915501416118	0.528428383120631	0	0	0	0
PD34200_40_control	0.312135087428245	0.116932352687121	0.570932559884634	0	0	0	0
PD34200_66_control	0.42393874566182	0.214826800215476	0.361234454122703	0	0	0	0
PD34200_61_control	0.280305725557525	0.190067094368354	0.529627180074121	0	0	0	0
PD34200_37_control	0.150277158587228	0.108275876907377	0.662062052596098	0.0793849119092964	0	0	0
PD34200_44_control	0.323055544653198	0.141623363954935	0.535321091391867	0	0	0	0
PD34200_23_control	0.266508791367718	0	0.733491208632282	0	0	0	0
PD34200_59_control	0.243272273897918	0.177027575388364	0.579700150713718	0	0	0	0
PD34201_44_control	0.312888470772895	0.140027835974814	0.547083693252291	0	0	0	0
PD34201_2_control	0.263970272068152	0.162016426269806	0.574013301662042	0	0	0	0
PD34201_25_control	0.111545776648558	0.103111974703496	0.785342248647946	0	0	0	0
PD34201_7_control	0.342224609038401	0.0867338048271531	0.571041586134446	0	0	0	0
PD34201_9_control	0.30682396710472	0.19941427023726	0.493761762658021	0	0	0	0
PD34201_50_control	0.118530106002268	0.108351867360771	0.491948504750713	0.281169521886248	0	0	0
PD34201_6_control	0.223230550588028	0.125441451634877	0.539227948223291	0.112100049553804	0	0	0
PD34201_37_control	0.204373678958675	0.117747627354286	0.462139689082913	0.215739004604126	0	0	0
PD34201_39_control	0.255266924451136	0.0549871523976498	0.421675938027222	0.268069985123992	0	0	0
PD34201_49_control	0.275746798134625	0.0548153223082264	0.5296872462424	0.139750633314749	0	0	0
PD34201_10_control	0.323856744654201	0.169150283075615	0.506992972270183	0	0	0	0
PD34201_19_control	0.286822788045699	0.235079896827514	0.478097315126787	0	0	0	0
PD34201_12_control	0.234800027936279	0.230819336194755	0.534380635868966	0	0	0	0
PD34201_27_control	0.402676978108623	0.183925599872156	0.413397422019221	0	0	0	0
PD34201_8_control	0.235796733823269	0.166007948019653	0.598195318157078	0	0	0	0
PD34201_4_control	0.334001663606831	0.239486881902212	0.426511454490957	0	0	0	0
PD34201_51_control	0.121173299749614	0.105831399169988	0.569242394636194	0.203752906444204	0	0	0
PD34201_16_control	0.237615378378243	0.174030379901701	0.588354241720055	0	0	0	0
PD34201_3_control	0.335175218378273	0.0783307035931393	0.445351973514258	0.14114210451433	0	0	0
PD34201_48_control	0.215792863319743	0.118568454464703	0.427443019927781	0.238195662287773	0	0	0
PD34201_36_control	0.202860837565678	0.209217141508638	0.388857604858821	0.199064416066863	0	0	0
PD34201_21_control	0.296250256209759	0.0772283831955081	0.49084876955616	0.135672591038573	0	0	0
PD34201_31_control	0.286650555838718	0.0581704410827575	0.655179003078525	0	0	0	0
PD34201_20_control	0.298386476252515	0.0763793672934833	0.490703976714452	0.13453017973955	0	0	0
PD34201_42_control	0.263523129290272	0.132324291240388	0.512567275830166	0.0915853036391741	0	0	0
PD34201_52_control	0.217304692500663	0.10616731889506	0.444554690692512	0.231973297911765	0	0	0
PD34201_24_control	0.225054849670972	0.1920868556382	0.582858294690828	0	0	0	0
PD34201_77_control	0.208188967829653	0.134613036877029	0.280524447708438	0.37667354758488	0	0	0
PD34201_26_control	0.306478026279612	0.116678680400006	0.460489604682374	0.116353688638008	0	0	0
PD34201_13_control	0.187643427920011	0.0857422306742724	0.416712632117162	0	0	0	0.309901709288554
PD34201_40_control	0.235442624653882	0	0.690259687209522	0.0742976881365953	0	0	0
PD34201_43_control	0.260926521513809	0.169483741114032	0.56958973737216	0	0	0	0
PD34201_38_control	0.188545166386882	0.0566626490140296	0.376230573043263	0.378561611555825	0	0	0
PD34201_55_control	0.267000707972814	0.232661682005323	0.500337610021863	0	0	0	0
PD34201_30_control	0.340690977997991	0.170805871740052	0.488503150261957	0	0	0	0
PD34201_32_control	0.315199688802784	0.0657648010819747	0.619035510115241	0	0	0	0
PD34201_35_control	0.238983151439379	0.149066875141041	0.611949973419579	0	0	0	0
PD34201_28_control	0.206908918731991	0.198984967832834	0.478869418914021	0.115236694521154	0	0	0
OO13_5_control	0.203634368677921	0.103769550330753	0.226578597770303	0.466017483221023	0	0	0
OO13_3_control	0.0573163951271753	0.0560827421101634	0.0970104562853372	0.317190132722918	0	0	0.472400273754406
OO13_7_control	0.0575709207484872	0.0724905037109318	0.144087340849564	0.334397423671686	0	0	0.391453811019332
OO13_8_control	0.152807754325871	0.0573652731933011	0.28246663647831	0.238152535930389	0	0	0.269207800072129
OO13_1_control	0.0784829132257046	0.123027898420356	0.231369536745878	0.567119651608061	0	0	0
OO13_2_control	0.116400187941539	0.0659505622899508	0.372278410653833	0.445370839114677	0	0	0
OO13_4_control	0.193480195824242	0.119962045298207	0.101796611675412	0.223024924780108	0	0	0.361736222422031
OO13_6_control	0.21285607732254	0.0684316060039261	0.139098580342146	0.25720279645154	0	0	0.322410939879848
OO13_9_control	0.105944099165781	0.0778744827105376	0.160905359808865	0.256705788754688	0	0	0.398570269560129
OO94_5_control	0.197671491624298	0	0.346452524902616	0.455875983473087	0	0	0
OO94_10_control	0.291167538671	0.104686817385008	0.604145643943992	0	0	0	0
OO94_8_control	0.338076609853713	0.132314942517724	0.296223489255281	0.233384958373283	0	0	0
OO94_2_control	0.304302793796068	0.221726424817284	0.367148587614252	0.106822193772396	0	0	0
OO94_6_control	0.226948816325579	0.213180631660836	0.559870552013585	0	0	0	0
OO94_9_control	0.346399524323035	0.1073974490812	0.546203026595765	0	0	0	0
OO94_1_control	0.432162062697754	0.0728322251540226	0.495005712148223	0	0	0	0
OO94_7_control	0.287145694468863	0.242334336532111	0.470519968999026	0	0	0	0
OO94_4_control	0.386690468839854	0.125713336465834	0.487596194694312	0	0	0	0
OO94_3_control	0.231810397666524	0.171053596471204	0.597136005862272	0	0	0	0
OO99_5_control	0.319401977715264	0.182120481920421	0.498477540364315	0	0	0	0
OO99_1_control	0.361954180446534	0.118064954439547	0.519980865113919	0	0	0	0
OO99_6_control	0.415022290287379	0.0696507775314561	0.515326932181165	0	0	0	0
OO99_4_control	0.383283758770719	0.0951966789909174	0.521519562238364	0	0	0	0
OO99_8_control	0.275715314170385	0.1431581858461	0.581126499983515	0	0	0	0
OO99_3_control	0.364967074326028	0.0661198687394688	0.568913056934503	0	0	0	0
OO99_7_control	0.332803466493384	0.128714066948061	0.538482466558555	0	0	0	0
OO99_2_control	0.411495827422831	0.114670700361239	0.47383347221593	0	0	0	0
O251_3_control	0.211812256379359	0.216513937917818	0.571673805702823	0	0	0	0
O251_6_control	0.352388938173773	0.170594204472565	0.477016857353662	0	0	0	0
O251_5_control	0.312307912142448	0.166943018580575	0.520749069276978	0	0	0	0
O251_4_control	0.390774952779512	0.131143950155042	0.478081097065446	0	0	0	0
O251_1_control	0.207712669156753	0.157518684850945	0.634768645992302	0	0	0	0
O251_2_control	0.357058547225937	0.161961872747146	0.480979580026917	0	0	0	0
O251_7_control	0.175717201451827	0.117281359565431	0.707001438982742	0	0	0	0
O251_8_control	0.22997323631367	0.0786293485320302	0.6913974151543	0	0	0	0
O189_6_control	0.356273294382139	0.13757628207057	0.506150423547291	0	0	0	0
O189_3_control	0.263762298196879	0.101917620136029	0.414142707156618	0.220177374510474	0	0	0
O189_4_control	0.412591282944671	0.158764415855225	0.428644301200104	0	0	0	0
O189_2_control	0.468985963069425	0.159805461642873	0.371208575287701	0	0	0	0
O189_1_control	0.379505482734128	0.179765455876475	0.388296662310459	0.0524323990789387	0	0	0
O189_5_control	0.355573567763384	0.170248818657231	0.474177613579385	0	0	0	0
O208_6_control	0.330770217089322	0.130392735729025	0.538837047181653	0	0	0	0
O208_5_control	0.387605340610313	0.07913571351176	0.36842970146065	0	0	0.164829244417277	0
O208_4_control	0.30926238507351	0.112025911240431	0.578711703686058	0	0	0	0
O208_3_control	0.338769484382423	0	0.314505965637333	0	0	0	0.346724549980244
O208_1_control	0.333077034791625	0.0666104735407141	0.600312491667661	0	0	0	0
O208_2_control	0.310342088260166	0.142258390430076	0.547399521309758	0	0	0	0
O187_6_control	0.450111781632103	0.1338114143009	0.416076804066998	0	0	0	0
O187_2_control	0.424706179884893	0.209388181663941	0.261067224718816	0.10483841373235	0	0	0
O187_10_control	0.361806059991462	0.150676760054542	0.487517179953996	0	0	0	0
O187_4_control	0.311482199844195	0.133495242949019	0.555022557206787	0	0	0	0
O187_1_control	0.291247742054651	0.204133791127995	0.504618466817353	0	0	0	0
O187_5_control	0.286969957332215	0.371693813748357	0.341336228919428	0	0	0	0
O187_3_control	0.300274538608546	0.215209302696748	0.484516158694706	0	0	0	0
O162_3_control	0.189292136577048	0.200074675023104	0.610633188399848	0	0	0	0
O162_2_control	0.318278116182905	0.0954633655936353	0.58625851822346	0	0	0	0
O162_4_control	0.337029937975498	0.168423585940323	0.494546476084179	0	0	0	0
O162_1_control	0.330435436271856	0.0546746766318301	0.614889887096314	0	0	0	0
O132_6_control	0.0846637388323496	0	0.237722122538429	0.677614138629221	0	0	0
O132_2_control	0.324152960971448	0.114459250966526	0.561387788062026	0	0	0	0
O132_5_control	0.114543002654582	0.0608309887382012	0.406195387296992	0.418430621310225	0	0	0
O132_3_control	0.418193423534845	0.246428868543592	0.335377707921563	0	0	0	0
O132_1_control	0.309061454035027	0.178132166714123	0.51280637925085	0	0	0	0
O132_4_control	0.370845682742154	0.160049163065169	0.469105154192677	0	0	0	0
OO82_2_control	0.345897730149164	0.248437170723739	0.405665099127097	0	0	0	0
OO82_6_control	0.387917962996482	0.180622682207762	0.431459354795756	0	0	0	0
OO82_9_control	0.260448754748794	0.136593395661298	0.289944938617898	0.31301291097201	0	0	0
OO82_10_control	0.288488720783712	0.192885744567256	0.518625534649032	0	0	0	0
OO82_5_control	0.497730100250056	0.099066997984428	0.403202901765516	0	0	0	0
OO82_8_control	0.401622452620824	0.208140244878618	0.390237302500557	0	0	0	0
OO82_1_control	0.33932025710252	0.136918449896216	0.523761293001264	0	0	0	0
OO82_11_control	0.289735280246084	0.190309522259231	0.445559846105456	0.0743953513892291	0	0	0
OO82_3_control	0.335439417590919	0	0.664560582409081	0	0	0	0
OO82_4_control	0.334376701354062	0.152370623110712	0.513252675535225	0	0	0	0
OO82_7_control	0.36895794201299	0.207530239452419	0.423511818534592	0	0	0	0
OO35_1_control	0.320486945732597	0	0.679513054267403	0	0	0	0
OO35_3_control	0.246457958874122	0.129519229987724	0.624022811138154	0	0	0	0
OO35_2_control	0.212568905664202	0.119127327564193	0.668303766771605	0	0	0	0
OO23_4_control	0.291806371568873	0.150337230995054	0.557856397436073	0	0	0	0
OO23_1_control	0.301272179264689	0.0583869663318881	0.640340854403423	0	0	0	0
OO23_3_control	0.376246692700513	0	0.623753307299487	0	0	0	0
OO23_2_control	0.317794172511527	0.0556713670513296	0.626534460437143	0	0	0	0
OO39_1_control	0.283044938012915	0.20387455211146	0.513080509875626	0	0	0	0
OO39_4_control	0.217745173481674	0.16411758790704	0.557123698010072	0.0610135406012146	0	0	0
OO39_2_control	0.247979500435052	0.164923069174871	0.587097430390077	0	0	0	0
OO39_3_control	0.144484198395738	0.0918118592579266	0.663455525440968	0.100248416905367	0	0	0
OOO7_4_control	0.288444360950774	0.124804293432913	0.529532023506512	0.057219322109801	0	0	0
OOO7_2_control	0.176725110069198	0.0843148219965376	0.234232809807569	0.27225756746546	0	0	0.232469690661235
OOO7_1_control	0.237652090243552	0.0704903725430903	0.566283276280956	0.125574260932401	0	0	0
OOO7_3_control	0.191126669038033	0.0523116986410367	0.333859367830519	0.173270889251937	0	0	0.249431375238475
OOO8_3_control	0.313113501410174	0.139254799173593	0.311506325021489	0.236125374394744	0	0	0
OOO8_8_control	0.287592709466959	0.0944515776335729	0.418087579624756	0.199868133274712	0	0	0
OOO8_5_control	0.120933486004031	0.0818919480068427	0.167942910832666	0.62923165515646	0	0	0
OOO8_7_control	0.292330344663418	0.110401759510446	0.597267895826136	0	0	0	0
OOO8_15_control	0.107067365084408	0.0926672823350483	0.242403906190959	0.557861446389584	0	0	0
OOO8_4_control	0.14118688151841	0.0594422740020295	0.26008765372825	0.53928319075131	0	0	0
OOO8_1_control	0.241058718548459	0.115727537489831	0.492805538703482	0.150408205258228	0	0	0
OOO8_2_control	0.344230834361393	0.17799444131913	0.477774724319477	0	0	0	0
OO10_9_control	0.252949631571832	0.158721505420796	0.588328863007371	0	0	0	0
OO10_6_control	0.0930702145042769	0.0524796382240138	0.160314884817023	0.694135262454686	0	0	0
OO10_8_control	0.0708940042904149	0	0.301467585221553	0.627638410488032	0	0	0
OO10_10_control	0.246885882410312	0.245803718762526	0.507310398827162	0	0	0	0
OO10_5_control	0.129791318263602	0.0786521168933418	0.23442978330992	0.557126781533136	0	0	0
OO10_7_control	0	0	0.240230992599672	0.759769007400328	0	0	0
OO10_11_control	0.223507228094489	0.146661774515248	0.629830997390264	0	0	0	0
OO10_4_control	0.291273815621576	0.0926725831906462	0.616053601187777	0	0	0	0
OO10_2_control	0.357896452349233	0.241719302785459	0.400384244865308	0	0	0	0
OO10_1_control	0.260822171847486	0.122302837095295	0.616874991057219	0	0	0	0
OO10_3_control	0.226776894255809	0.261082083686392	0.512141022057799	0	0	0	0
O174_3_control	0.120311437221839	0	0.202706998951145	0	0	0	0.676981563827016
O174_1_control	0.202303145224617	0.0509656222632263	0.512230625258814	0.234500607253343	0	0	0
O174_9_control	0.0987795100612761	0	0.175241763762156	0	0	0	0.725978726176568
O174_4_control	0.13938897267956	0	0.079100384621961	0	0	0	0.781510642698479
O174_8_control	0.140033345861646	0.0659808864672582	0.0909877520531525	0	0	0	0.702998015617943
O174_14_control	0	0	0	0	0	0	1
O176_3_control	0.394660231500606	0.152766592543007	0.452573175956388	0	0	0	0
O176_6_control	0.299307502959331	0.188761427976864	0.280376280356975	0.23155478870683	0	0	0
O176_4_control	0.384850741008799	0.155752273943861	0.45939698504734	0	0	0	0
O176_7_control	0.36778981423752	0.140287158376142	0.491923027386338	0	0	0	0
O176_2_control	0.153038959068952	0.18318645490406	0.663774586026987	0	0	0	0
O176_5_control	0.135338073671445	0	0.563566948062995	0.30109497826556	0	0	0
O176_1_control	0.309704661175859	0.180936342148924	0.509358996675218	0	0	0	0
O193_2_control	0.332209520048974	0.16898236991589	0.498808110035135	0	0	0	0
O193_5_control	0.413144139767634	0.109302439453988	0.477553420778378	0	0	0	0
O193_4_control	0.24729440665881	0.0706695929141368	0.682036000427053	0	0	0	0
O193_6_control	0.251883437664911	0.220498581944918	0.385710921572045	0.141907058818127	0	0	0
O193_3_control	0.363096483132792	0.183486964210954	0.453416552656254	0	0	0	0
O193_7_control	0.32237953146805	0.140429283652749	0.459505798755833	0.0776853861233677	0	0	0
O193_9_control	0.168792178332511	0.139866918677972	0.691340902989518	0	0	0	0
O193_1_control	0.215561189088002	0.173370047033562	0.611068763878437	0	0	0	0
O193_8_control	0.23458588163386	0.185501734500984	0.579912383865155	0	0	0	0
O225_4_control	0.212951728372286	0	0.617936561976635	0.169111709651079	0	0	0
O225_8_control	0.145485229965902	0.0812303917178336	0.681406970643107	0.0918774076731573	0	0	0
O225_5_control	0.0836172633178034	0.107342798066356	0.403135185268968	0.405904753346872	0	0	0
O225_2_control	0.321281245419549	0.101698633130923	0.577020121449529	0	0	0	0
O225_6_control	0.0865575619421813	0.072974152810478	0.340746693632993	0.499721591614348	0	0	0
O225_3_control	0.19141190131724	0.11782888652716	0.690759212155601	0	0	0	0
O225_7_control	0.353607933290636	0.123305885165761	0.523086181543603	0	0	0	0
O225_1_control	0.220768652203364	0.170358830428066	0.60887251736857	0	0	0	0
O232_5_control	0.239415690383405	0.0575089569128965	0.504331305904513	0.198744046799185	0	0	0
O232_7_control	0.233143888362451	0.0720687779668198	0.539541784784229	0.1552455488865	0	0	0
O232_4_control	0.160269467763155	0.216339335378601	0.623391196858245	0	0	0	0
O232_6_control	0.182711057609321	0.0895232353647707	0.238988427830912	0.488777279194996	0	0	0
O232_1_control	0.505888503986712	0.137188390801621	0.356923105211666	0	0	0	0
O232_8_control	0.256908646164257	0.0894002508196989	0.653691103016044	0	0	0	0
O232_3_control	0.45691948520476	0.0759691939296367	0.467111320865603	0	0	0	0
O232_2_control	0.354719992056652	0.147435890524536	0.497844117418812	0	0	0	0
O244_6_control	0.280752940024157	0.222548935619522	0.496698124356322	0	0	0	0
O244_4_control	0.232598386908714	0.0887925084664676	0.678609104624818	0	0	0	0
O244_1_control	0.464586428132011	0.0960374947853315	0.439376077082658	0	0	0	0
O244_3_control	0.299385301797722	0.0673054877954415	0.633309210406836	0	0	0	0
O244_2_control	0.261423161009406	0.0675946927604562	0.670982146230138	0	0	0	0
O244_5_control	0.436152515934574	0.166585827295878	0.397261656769547	0	0	0	0
O244_7_control	0.285859481205796	0.106963137904452	0.607177380889752	0	0	0	0
O333_8_control	0.215757068926472	0.170673693607908	0.61356923746562	0	0	0	0
O333_1_control	0.326356748481729	0.113168484642046	0.560474766876225	0	0	0	0
O333_6_control	0.194414855480118	0.050806687891079	0.754778456628803	0	0	0	0
O333_5_control	0.309483219161516	0.11982256835743	0.343182563045566	0.227511649435488	0	0	0
O333_10_control	0.241865054224697	0.130975900386688	0.627159045388615	0	0	0	0
O333_9_control	0.312015823689244	0.161915745230786	0.526068431079969	0	0	0	0
O333_3_control	0.2600103145567	0	0.7399896854433	0	0	0	0
O333_4_control	0.378509816044168	0.23876458849967	0.382725595456162	0	0	0	0
O333_7_control	0.306324128161713	0.220146411050764	0.473529460787523	0	0	0	0
O333_2_control	0.181050115188775	0.106374654139501	0.345180107478126	0.367395123193598	0	0	0
O340_3_control	0.344499664227312	0.139634065388303	0.395889603493446	0.119976666890939	0	0	0
O340_2_control	0.276518187234612	0.084841864901331	0.508025161714803	0.130614786149254	0	0	0
O340_7_control	0.338408499098266	0.0811316837141023	0.580459817187632	0	0	0	0
O340_4_control	0.386963493396226	0.13748216773408	0.371660269291191	0.103894069578503	0	0	0
O340_5_control	0.339566048835394	0.177823576673733	0.482610374490872	0	0	0	0
O340_1_control	0.380548146280384	0.0846116977865779	0.534840155933038	0	0	0	0
O395_4_control	0.280053983293488	0.127633537517201	0.315112552040958	0.277199927148353	0	0	0
O395_2_control	0.221629411498647	0.0579184234015347	0.390431639377078	0.330020525722741	0	0	0
O395_3_control	0.232108352979182	0.125543688996163	0.473550677604372	0.168797280420283	0	0	0
O395_5_control	0.332074112029949	0.104904123148699	0.563021764821351	0	0	0	0
O401_4_control	0.228155956544857	0.211114230456279	0.560729812998864	0	0	0	0
O401_2_control	0.279534934166343	0.116636386781669	0.487842108228249	0.115986570823739	0	0	0
O401_5_control	0.324351298428111	0.0824712739994641	0.593177427572425	0	0	0	0
O401_1_control	0.283683703394131	0.100400576712564	0.488966394697188	0.126949325196117	0	0	0
O401_6_control	0.26612812708883	0.120870609508055	0.613001263403114	0	0	0	0
PD37266_4_control	0.331819842309918	0.187980666649599	0.398007886944516	0.0821916040959668	0	0	0
PD37266_11_control	0.347601722089226	0.367855209726294	0.284543068184481	0	0	0	0
PD37266_3_control	0.401267652690678	0.156994112917659	0.441738234391663	0	0	0	0
PD37266_7_control	0.38293429853811	0.15832037715415	0.45874532430774	0	0	0	0
PD37266_6_control	0.310035934725997	0.161645511852524	0.528318553421479	0	0	0	0
PD37266_5_control	0.290413605112913	0.150668699048328	0.470608974964748	0.0883087208740106	0	0	0
PD37266_2_control	0.322796103042779	0.228684941144318	0.448518955812903	0	0	0	0
PD37266_13_control	0.245103627026916	0.160953026351311	0.43090869686823	0.163034649753543	0	0	0
PD37266_1_control	0.38365531622709	0.115285655178987	0.446479551698873	0.0545794768950505	0	0	0
PD37266_10_control	0.261284223374118	0.127339741208252	0.511837959527019	0.0995380758906119	0	0	0
PD37449_11_control	0.0891174749800041	0.075592099515947	0.231600082767541	0.603690342736507	0	0	0
PD37449_20_control	0.121705253952444	0.0591421898958822	0.144440199892226	0.674712356259448	0	0	0
PD37449_3_control	0.372149739697016	0.158030256277834	0.298336616864553	0.171483387160596	0	0	0
PD37449_1_control	0.0884438335354139	0.0555777761128396	0.262728748184845	0.593249642166902	0	0	0
PD37449_12_control	0.145898804799479	0	0.305928617003501	0.54817257819702	0	0	0
PD37449_5_control	0.0732571508230513	0	0.185343631776547	0.741399217400401	0	0	0
PD37449_26_control	0.141400215722075	0	0.346623937127831	0.511975847150094	0	0	0
PD37449_9_control	0.399688330520541	0.331401987582166	0.268909681897293	0	0	0	0
PD37449_10_control	0.406114900009718	0.186760614026339	0.407124485963943	0	0	0	0
PD37449_2_control	0.0928810855319953	0.125935622051307	0.311245578086698	0.469937714329999	0	0	0
PD37449_15_control	0.147038502007069	0.0846520291689417	0.161944795840041	0.606364672983948	0	0	0
PD37449_13_control	0.0986015880100128	0	0.198972040566467	0.70242637142352	0	0	0
PD37449_6_control	0.0945794910066251	0	0.165982521502453	0.739437987490922	0	0	0
PD37449_29_control	0	0	0.222232377702127	0.777767622297873	0	0	0
PD37449_31_control	0	0.0627526017862967	0.118714121610055	0.818533276603648	0	0	0
PD37449_18_control	0.0813628901835274	0.0511404934201756	0.162223106581158	0.705273509815139	0	0	0
PD37449_16_control	0.091073339871884	0.0668631726442394	0.0812640727198342	0.760799414764042	0	0	0
PD37449_19_control	0.149833012512494	0	0.20050266464952	0.649664322837986	0	0	0
PD37449_30_control	0.0827951831202206	0.0623389497029645	0.169803442077401	0.685062425099414	0	0	0
PD37449_8_control	0.210522773823448	0.0593156723816767	0.614806776406887	0.115354777387989	0	0	0
O438_3_control	0.151025014351849	0.163233749321673	0.562681994444177	0.123059241882301	0	0	0
O438_4_control	0.249320937301075	0.178885187814298	0.439241405333605	0.132552469551022	0	0	0
O438_1_control	0.287312042871707	0.220092922585127	0.492595034543166	0	0	0	0
300_1_control	0.208051645678831	0.114992346019788	0.42687482419601	0.250081184105371	0	0	0
300_2_control	0.173257902252849	0.137394920893704	0.190963314028874	0.498383862824572	0	0	0
O311_1_control	0.130474910971257	0.0839200701514573	0.308862213374444	0.476742805502842	0	0	0
O311_4_control	0.224556301293697	0.0720277078808673	0.342036717186787	0.0993972990165172	0	0	0.261981974622132
O311_3_control	0.234058373060923	0.168986295138648	0.596955331800429	0	0	0	0
O311_2_control	0.312230792044534	0.183122410564922	0.504646797390544	0	0	0	0
O311_7_control	0.065890611061648	0.139269538750262	0.276195138934406	0.518644711253684	0	0	0
O325_4_control	0.241007275316225	0.13591443818245	0.316615877909477	0.306462408591849	0	0	0
O325_6_control	0.260259764944431	0.0850459777042256	0.576562855887392	0.0781314014639512	0	0	0
O325_8_control	0.19606088798816	0.0658543227653687	0.315766039252529	0.422318749993942	0	0	0
O325_2_control	0.273199068688625	0.126466006523572	0.458246203768295	0.142088721019509	0	0	0
O325_3_control	0.0851061150841172	0.150104430439875	0.642578063135279	0.122211391340729	0	0	0
O325_7_control	0.285310798745967	0.0550439732402097	0.445433767727745	0.214211460286079	0	0	0
O325_1_control	0.328129015529106	0.13665987825047	0.387259898879841	0.147951207340583	0	0	0
O342_4_control	0.249421324676963	0.062017342538867	0.68856133278417	0	0	0	0
O342_3_control	0.369819635484859	0.224780079236433	0.405400285278708	0	0	0	0
O342_2_control	0.334297526246019	0.193734102223294	0.471968371530687	0	0	0	0
O342_1_control	0.316133772778714	0.184349669186582	0.499516558034704	0	0	0	0
O342_5_control	0.284438549985048	0.0890708999077965	0.626490550107155	0	0	0	0
PD37590_13_control	0.358929291969859	0.158238170522831	0.48283253750731	0	0	0	0
PD37590_26_control	0.264863141076522	0.170462576288286	0.564674282635192	0	0	0	0
PD37590_23_control	0.316028302690388	0.167423212949588	0.516548484360024	0	0	0	0
PD37590_4_control	0.262130049214999	0.192053531101637	0.45495585427732	0	0.0908605654060435	0	0
PD37590_22_control	0.246164801081245	0.247990346164777	0.505844852753979	0	0	0	0
PD37590_16_control	0.334926246752857	0.157223231263519	0.507850521983625	0	0	0	0
PD37590_1_control	0.337607541093151	0.107637839176116	0.554754619730733	0	0	0	0
PD37590_18_control	0.392416858784424	0.156393270396139	0.451189870819437	0	0	0	0
PD37590_20_control	0.249542015916076	0.20778445717617	0.542673526907754	0	0	0	0
PD37590_24_control	0.311139354562804	0.185027700080863	0.503832945356332	0	0	0	0
PD37590_15_control	0.275305201243036	0.105461021481613	0.619233777275351	0	0	0	0
PD37590_6_control	0.323210830690927	0.115689081744147	0.561100087564927	0	0	0	0
PD37590_7_control	0.323489605356095	0.200879500876525	0.47563089376738	0	0	0	0
PD37590_12_control	0.260747458941383	0.119729118382531	0.619523422676086	0	0	0	0
PD37590_27_control	0.267566131791428	0.235946461993133	0.496487406215439	0	0	0	0
PD37590_9_control	0.307298432502328	0.123236946685392	0.56946462081228	0	0	0	0
PD37590_8_control	0.312637453483381	0.09105423640531	0.596308310111309	0	0	0	0
PD37590_14_control	0.358108454375914	0.14473773325031	0.497153812373777	0	0	0	0
PD37590_11_control	0.269765223409976	0.14824580916553	0.581988967424494	0	0	0	0
PD37590_45_control	0.323127164059727	0.262273482617664	0.414599353322609	0	0	0	0
PD37590_21_control	0.329630262144645	0.06093791974461	0.609431818110745	0	0	0	0
PD37590_25_control	0.236757686225123	0.16472988265276	0.598512431122117	0	0	0	0
PD37590_10_control	0.221979254119717	0.106745183400352	0.67127556247993	0	0	0	0
PD37590_28_control	0.328011359479584	0.109391454447672	0.47392170115608	0.0886754849166641	0	0	0
PD37590_17_control	0.424213245445971	0.0621638429096542	0.513622911644375	0	0	0	0
PD37590_19_control	0.436169154969534	0.146129359570651	0.417701485459814	0	0	0	0
PD37590_3_control	0.246190239941605	0.20623829722837	0.547571462830025	0	0	0	0
PD37590_5_control	0.345255513973647	0.219610271309591	0.435134214716762	0	0	0	0
PD37590_2_control	0.334140121262145	0.184476452641416	0.48138342609644	0	0	0	0
PD34200a_s2_control	0.156972278614169	0.286739288415976	0.347700240348071	0.208588192621784	0	0	0
PD34200a_s27_control	0.1655185896757	0.125166815285257	0.709314595039042	0	0	0	0
PD34201a_c1_control	0.25035087738102	0.0570806559816012	0.478345691966872	0.214222774670507	0	0	0
PD34201a_c41_control	0.360604509960936	0.125757905089787	0.513637584949277	0	0	0	0
PD34201a_t8_control	0.222864413738459	0.200069758555664	0.577065827705877	0	0	0	0
PD34201a_t19_control	0.294732587523921	0.135575175138898	0.569692237337182	0	0	0	0
PD34201a_t23_control	0.255926938338274	0.112694101681734	0.631378959979993	0	0	0	0
PD34201a_t31_control	0.343898557050556	0.167085561081318	0.489015881868126	0	0	0	0
PD34201a_t32_control	0.252114832916798	0.0798240872850554	0.668061079798147	0	0	0	0
PD34201a_s28_control	0.198068739010673	0.205504980609322	0.596426280380005	0	0	0	0
PD34201a_c48_control	0.232551580194583	0.200520413015054	0.566928006790362	0	0	0	0
PD34201a_s1_control	0.404117428114741	0.061158259790561	0.534724312094698	0	0	0	0
PD34201a_s4_control	0.234156395691918	0.0509591007781858	0.492549504163683	0.222334999366213	0	0	0
PD34201a_c4_control	0.265863529186924	0.177434663540824	0.556701807272253	0	0	0	0
PD34201a_s10_control	0.275365690419358	0.0877140556977853	0.520721878113378	0.116198375769479	0	0	0
PD34201a_s11_control	0.304218418979951	0.0697190582708386	0.626062522749211	0	0	0	0
PD34201a_c27_control	0.298531565966456	0.164862112660414	0.256180460695359	0.280425860677771	0	0	0
PD34201a_c10_control	0.364774770180079	0.0629528815745249	0.572272348245396	0	0	0	0
PD34201a_c42_control	0.371551408254232	0.148951308728211	0.217581392959671	0.261915890057886	0	0	0
PD34202a_s12_control	0.32015494836688	0.0702774047917009	0.250366147386073	0.359201499455346	0	0	0
PD34202a_s15_control	0.347598106659428	0.199628236897717	0.204441182101631	0.248332474341224	0	0	0
PD34202a_s43_control	0.195419362572074	0.200226360268558	0.443452526672612	0.160901750486757	0	0	0
PD34202a_s41_control	0.178794517974842	0.106374994240875	0.373095238950534	0.341735248833749	0	0	0
PD34202a_s27_control	0.169153398714028	0.162789734602307	0.319361123605015	0.348695743078651	0	0	0
PD34202a_s9_control	0.398629798902182	0.192164709627194	0.409205491470624	0	0	0	0
PD37226d4_control	0.146527273017347	0.0567902282474324	0.113623977447504	0.212790399589386	0	0	0.470268121698331
PD37226d5_control	0.124882613013186	0.063562007041401	0.152521818856235	0.167536596047342	0	0	0.491496965041835
PD37226d6_control	0.0510789990853257	0.0945648591892819	0.553386207298957	0.0888465344108827	0	0	0.212123400015553
PD37457f7_control	0.255313737244445	0.11040107965361	0.634285183101945	0	0	0	0
PD37226l5_control	0.209988685698811	0.0530821092184477	0.627032812575121	0.10989639250762	0	0	0
PD37457b4_control	0.268805053935588	0.244599119073151	0.48659582699126	0	0	0	0
PD37457h2_control	0.306100423075402	0.120266291068347	0.573633285856251	0	0	0	0
PD37266d_lo0002_control	0.315276117224794	0.147580902859325	0.367641518955959	0.169501460959921	0	0	0
PD37266d_lo0012_control	0.258626673615711	0.138942392113446	0.602430934270843	0	0	0	0
PD37266e_lo0010_control	0.426629381040317	0.11028043701681	0.267723388915863	0.195366793027009	0	0	0
PD37449e_lo0006_control	0.130165433418166	0.179906119465468	0.288436383811026	0.40149206330534	0	0	0
PD37449d_lo0012_control	0.210765052456952	0.0934995218834632	0.292725828474647	0.403009597184939	0	0	0
PD37457i5_control	0.333346276711449	0.2678254541109	0.398828269177652	0	0	0	0
PD37510b4_control	0.168477134483855	0.168261636281335	0.217266131018097	0	0.445995098216713	0	0
PD37510b7_control	0.0769565660050897	0.194936656064566	0.224422758963211	0.503684018967132	0	0	0
PD37510b8_control	0.155298539703818	0.287766691819047	0.165688055681435	0.391246712795699	0	0	0
PD37513b5_control	0.572093353416947	0.121627236950385	0.306279409632667	0	0	0	0
PD37514b8_control	0.269818002054388	0.165359890302337	0.564822107643275	0	0	0	0
