SBS1	SBS5	SBS18	SBS2	SBS13	SBS88	SBS89	SBSC	SBS17b	SBS93
PD40734_40	0.240250427268309	0.691870298918112	0.0678792738135785	0	0	0	0	0	0	0
PD40734_39	0.219472418229886	0.711719345377704	0.0688082363924096	0	0	0	0	0	0	0
PD40734_100	0.265255541749824	0.520522192547893	0.214222265702283	0	0	0	0	0	0	0
PD40734_34	0.235914692999132	0.682653761004127	0.0814315459967412	0	0	0	0	0	0	0
PD40734_53	0.264939433400652	0.42112499250759	0.313935574091758	0	0	0	0	0	0	0
PD40734_43	0.224733184851584	0.775266815148416	0	0	0	0	0	0	0	0
PD40734_3	0.212466416847481	0.726240463458886	0.0612931196936324	0	0	0	0	0	0	0
PD40734_47	0.327648356713245	0.55108741960239	0.121264223684366	0	0	0	0	0	0	0
PD40734_89	0.395595771876232	0.506500054579161	0.0979041735446073	0	0	0	0	0	0	0
PD40734_23	0.298442963523437	0.641942961950989	0.0596140745255747	0	0	0	0	0	0	0
PD40734_17	0.312518418739601	0.560223815852387	0.127257765408012	0	0	0	0	0	0	0
PD40734_29	0.302721790200393	0.609449322983075	0.0878288868165318	0	0	0	0	0	0	0
PD40734_45	0.298931214765799	0.631159092926543	0.0699096923076584	0	0	0	0	0	0	0
PD40734_28	0.246449541264191	0.753550458735809	0	0	0	0	0	0	0	0
PD40734_6	0.202296838403458	0.721409863358637	0.0762932982379055	0	0	0	0	0	0	0
PD40734_107	0.336269408601957	0.491580416233535	0.172150175164507	0	0	0	0	0	0	0
PD40734_13	0.26023208821952	0.656662576261401	0.083105335519079	0	0	0	0	0	0	0
PD40734_8	0.195660297614103	0.804339702385897	0	0	0	0	0	0	0	0
PD40734_24	0.243271675906008	0.693055944181525	0.0636723799124675	0	0	0	0	0	0	0
PD40734_18	0.310438750085602	0.549083944261348	0.14047730565305	0	0	0	0	0	0	0
PD40734_75	0.360360708369731	0.480234877099417	0.159404414530852	0	0	0	0	0	0	0
PD40734_19	0.368284693242209	0.414472763934444	0.217242542823347	0	0	0	0	0	0	0
PD40734_22	0.24624055281557	0.670795473951364	0.0829639732330655	0	0	0	0	0	0	0
PD40734_42	0.294391407719534	0.491851533586574	0.213757058693892	0	0	0	0	0	0	0
PD40734_79	0.345093812237895	0.47088895084302	0.184017236919085	0	0	0	0	0	0	0
PD40734_46	0.335429588038781	0.534886712157448	0.129683699803772	0	0	0	0	0	0	0
PD40734_32	0.229494600605195	0.770505399394805	0	0	0	0	0	0	0	0
PD40734_36	0.336179956493223	0.570471935117406	0.0933481083893713	0	0	0	0	0	0	0
PD40734_2	0.19485457051606	0.80514542948394	0	0	0	0	0	0	0	0
PD40734_14	0.295405360046904	0.633930549378269	0.0706640905748262	0	0	0	0	0	0	0
PD40734_16	0.289473910302707	0.461564817348261	0.248961272349032	0	0	0	0	0	0	0
PD40734_21	0.197632351750597	0.733348127582162	0.0690195206672413	0	0	0	0	0	0	0
PD40734_109	0.266719859230582	0.304211428708363	0.429068712061054	0	0	0	0	0	0	0
PD40734_41	0.288421846637002	0.472860182804804	0.238717970558194	0	0	0	0	0	0	0
PD40734_30	0.221764914171001	0.680374262322284	0.0978608235067147	0	0	0	0	0	0	0
PD40734_20	0.219170374672472	0.710586406580228	0.0702432187473	0	0	0	0	0	0	0
PD40734_44	0.255054577388212	0.744945422611788	0	0	0	0	0	0	0	0
PD40734_108	0.277346272068045	0.303849688028562	0.418804039903393	0	0	0	0	0	0	0
PD40734_1	0.23997828859636	0.689580681081359	0.0704410303222811	0	0	0	0	0	0	0
PD40734_106	0.272670861134212	0.590758546573415	0.136570592292372	0	0	0	0	0	0	0
PD40734_48	0.245773352792467	0.650340847608894	0.103885799598639	0	0	0	0	0	0	0
PD40734_54	0.248057472070801	0.512179908410598	0.239762619518601	0	0	0	0	0	0	0
PD40734_25	0.249447911564857	0.665886363395098	0.0846657250400453	0	0	0	0	0	0	0
PD40734_84	0.254879994438711	0.658429256027372	0.086690749533917	0	0	0	0	0	0	0
PD40734_52	0.266843945649833	0.427674656105753	0.305481398244414	0	0	0	0	0	0	0
PD40734_31	0.22924215066844	0.77075784933156	0	0	0	0	0	0	0	0
PD40734_77	0.372852757271646	0.467773356732227	0.159373885996127	0	0	0	0	0	0	0
PD40734_33	0.287178740400681	0.626016934064245	0.0868043255350735	0	0	0	0	0	0	0
PD40734_15	0.294190549020243	0.619122273209791	0.0866871777699663	0	0	0	0	0	0	0
PD40734_51	0.21824072843881	0.390893727040278	0.390865544520912	0	0	0	0	0	0	0
PD40734_7	0.308304302516853	0.611571582534701	0.080124114948446	0	0	0	0	0	0	0
PD40734_38	0.270898433530954	0.514888054966003	0.214213511503043	0	0	0	0	0	0	0
PD40734_60	0.275572573747039	0.667254221936967	0.0571732043159933	0	0	0	0	0	0	0
PD40734_12	0.26952652089782	0.640123707739377	0.0903497713628031	0	0	0	0	0	0	0
PD40734_37	0.172539000081452	0.827460999918548	0	0	0	0	0	0	0	0
PD40734_105	0.425061244157242	0.503864659481111	0.0710740963616469	0	0	0	0	0	0	0
PD40734_35	0.238088906621339	0.704123951518311	0.0577871418603502	0	0	0	0	0	0	0
PD40734_49	0.168770131621245	0.726845090349548	0.104384778029206	0	0	0	0	0	0	0
PD40734_10	0.240337806704061	0.673186345038732	0.0864758482572078	0	0	0	0	0	0	0
PD40734_55	0.211857782150986	0.5173393590455	0.270802858803514	0	0	0	0	0	0	0
PD40734_26	0.178542245564881	0.698306922151704	0.123150832283415	0	0	0	0	0	0	0
PD40734_5	0.207504418988898	0.687302445175071	0.105193135836031	0	0	0	0	0	0	0
PD40734_9	0.256156721547146	0.670662431661216	0.0731808467916378	0	0	0	0	0	0	0
PD40734_50	0.235732317385661	0.566737580700355	0.197530101913983	0	0	0	0	0	0	0
PD40734_4	0.284826598505395	0.600810582044606	0.114362819449999	0	0	0	0	0	0	0
PD40734_73	0.23990268954741	0.676033602212941	0.0840637082396488	0	0	0	0	0	0	0
PD40734_11	0.19810779655014	0.729027213916069	0.0728649895337904	0	0	0	0	0	0	0
PD40734_27	0.28416006003416	0.558016967854049	0.157822972111791	0	0	0	0	0	0	0
PD40734_61	0.234405869243181	0.664834731872001	0.100759398884818	0	0	0	0	0	0	0
PD40734_78	0.359553003808724	0.412341430797643	0.228105565393633	0	0	0	0	0	0	0
PD40734_94	0.290710892419987	0.604885640627565	0.104403466952448	0	0	0	0	0	0	0
PD40734_80	0.600684192502305	0.343273431017188	0.0560423764805071	0	0	0	0	0	0	0
PD42778_200	0.301873560682278	0.550466253146202	0.14766018617152	0	0	0	0	0	0	0
PD42778_179	0.346444538808175	0.508199399186782	0.145356062005043	0	0	0	0	0	0	0
PD42778_22	0.312206659448906	0.559409490936419	0.128383849614675	0	0	0	0	0	0	0
PD42778_25	0.362929031664789	0.502790601245527	0.134280367089684	0	0	0	0	0	0	0
PD42778_20	0.289789330227978	0.593543515871519	0.116667153900502	0	0	0	0	0	0	0
PD42778_96	0.215954964967661	0.531649825390233	0.252395209642107	0	0	0	0	0	0	0
PD42778_212	0.173814687454793	0.365945991490707	0.215770235850842	0	0	0	0	0	0	0.244469085203658
PD42778_213	0.213015857087158	0.395047429499373	0.229947845032205	0	0	0	0	0	0	0.161988868381264
PD42778_105	0.333275301492558	0.549495087487316	0.117229611020126	0	0	0	0	0	0	0
PD42778_39	0.401870190423309	0.464329095306648	0.133800714270043	0	0	0	0	0	0	0
PD42778_49	0.312735007977401	0.546687387194799	0.1405776048278	0	0	0	0	0	0	0
PD42778_173	0.141689822208815	0.261934313456681	0.129286985396815	0	0	0	0	0	0.329522423367156	0.137566455570534
PD42778_26	0.286978955026129	0.599544006687458	0.113477038286413	0	0	0	0	0	0	0
PD42778_210	0.241002686914017	0.354193436018218	0.19971217989089	0	0	0	0	0	0	0.205091697176875
PD42778_8	0.390665654961051	0.52284877478951	0.0864855702494391	0	0	0	0	0	0	0
PD42778_94	0.348811376925091	0.511867769730916	0.139320853343993	0	0	0	0	0	0	0
PD42778_60	0	0.301154048018388	0	0	0	0	0	0	0.698845951981611	0
PD42778_23	0.312687130927019	0.573337727009472	0.113975142063509	0	0	0	0	0	0	0
PD42778_44	0.329022932111223	0.54370079042018	0.127276277468597	0	0	0	0	0	0	0
PD42778_35	0.291734145681359	0.37991709084485	0.328348763473791	0	0	0	0	0	0	0
PD42778_6	0.41618584987203	0.465407746607388	0.118406403520582	0	0	0	0	0	0	0
PD42778_15	0.343970940833686	0.523075618073308	0.132953441093006	0	0	0	0	0	0	0
PD42778_3	0.336646406683654	0.552728836912302	0.110624756404044	0	0	0	0	0	0	0
PD42778_71	0.312419564783602	0.564950487971592	0.122629947244806	0	0	0	0	0	0	0
PD42778_76	0.332616856963035	0.545590379314268	0.121792763722697	0	0	0	0	0	0	0
PD42778_59	0.133780345134877	0.182156665756567	0.0851659836093723	0	0	0	0	0	0.598897005499183	0
PD42778_101	0.338578175331927	0.554569972023059	0.106851852645014	0	0	0	0	0	0	0
PD42778_147	0.393528667350592	0.369960927305419	0.23651040534399	0	0	0	0	0	0	0
PD42778_92	0.332479553894079	0.563648503809373	0.103871942296548	0	0	0	0	0	0	0
PD42778_43	0.288753058777539	0.598754227096594	0.112492714125868	0	0	0	0	0	0	0
PD42778_74	0.328643383340562	0.532874948030698	0.138481668628739	0	0	0	0	0	0	0
PD42778_134	0.3672147115403	0.39359614467251	0.239189143787191	0	0	0	0	0	0	0
PD42778_112	0.34683280419307	0.518133127464465	0.135034068342465	0	0	0	0	0	0	0
PD42778_67	0.309728715721894	0.539607242182698	0.150664042095408	0	0	0	0	0	0	0
PD42778_97	0.214510291747199	0.337217166710975	0.183853836220696	0	0	0	0	0	0	0.26441870532113
PD42778_40	0.345387860483083	0.504624630886968	0.14998750862995	0	0	0	0	0	0	0
PD42778_111	0.312684927955806	0.552348474488178	0.134966597556016	0	0	0	0	0	0	0
PD42778_204	0.326819670918427	0.528377432592447	0.144802896489126	0	0	0	0	0	0	0
PD42778_73	0.299875074315596	0.532089582127844	0.168035343556561	0	0	0	0	0	0	0
PD42778_100	0.278545941621149	0.621740545962233	0.0997135124166186	0	0	0	0	0	0	0
PD42778_87	0.347394377456501	0.514303288111219	0.13830233443228	0	0	0	0	0	0	0
PD42778_128	0.288682968958979	0.623548856918643	0.0877681741223771	0	0	0	0	0	0	0
PD42778_48	0.313001813058676	0.550429492006883	0.136568694934441	0	0	0	0	0	0	0
PD42778_136	0.281080307024682	0.601013533537125	0.117906159438193	0	0	0	0	0	0	0
PD42778_227	0.382668766288134	0.435605280668223	0.181725953043643	0	0	0	0	0	0	0
PD42778_99	0.303174618468061	0.495192655616976	0.201632725914963	0	0	0	0	0	0	0
PD42778_42	0.266598411606563	0.635458557255214	0.0979430311382225	0	0	0	0	0	0	0
PD42778_114	0.386811965677142	0.476382417445406	0.136805616877452	0	0	0	0	0	0	0
PD42778_75	0.340079547138935	0.543874074779026	0.116046378082039	0	0	0	0	0	0	0
PD42778_198	0.254045197885171	0.63920111989027	0.106753682224559	0	0	0	0	0	0	0
PD42778_51	0.364552077219767	0.509317271505499	0.126130651274734	0	0	0	0	0	0	0
PD42778_158	0.292117332816899	0.614929771165787	0.0929528960173148	0	0	0	0	0	0	0
PD42778_4	0.29084032921303	0.60602960692137	0.1031300638656	0	0	0	0	0	0	0
PD42778_2	0.353935609989519	0.541120104876223	0.104944285134258	0	0	0	0	0	0	0
PD42778_7	0.31009762912581	0.57536112537726	0.114541245496929	0	0	0	0	0	0	0
PD42778_95	0.289587143162585	0.464539265335189	0.245873591502226	0	0	0	0	0	0	0
PD42778_205	0.358330952358943	0.451637363023673	0.190031684617384	0	0	0	0	0	0	0
PD42778_106	0.351142876285636	0.513216471762255	0.135640651952109	0	0	0	0	0	0	0
PD42778_12	0.337803654841004	0.538039836150892	0.124156509008104	0	0	0	0	0	0	0
PD42778_16	0.349430979654414	0.455441924084112	0.195127096261474	0	0	0	0	0	0	0
PD42778_5	0.355769705527841	0.523727411004363	0.120502883467796	0	0	0	0	0	0	0
PD42778_29	0.368342959666012	0.505993788060794	0.125663252273194	0	0	0	0	0	0	0
PD42778_197	0.372358506691765	0.438900854721105	0.18874063858713	0	0	0	0	0	0	0
PD42778_61	0.323882051071087	0.585457234636983	0.09066071429193	0	0	0	0	0	0	0
PD42778_11	0.344568249699052	0.373132318013603	0.282299432287346	0	0	0	0	0	0	0
PD42778_85	0.382919516468152	0.445516242294403	0.171564241237445	0	0	0	0	0	0	0
PD42778_143	0.325413294529977	0.575377252838396	0.0992094526316272	0	0	0	0	0	0	0
PD42778_149	0.332661588126106	0.285642777524282	0.381695634349612	0	0	0	0	0	0	0
PD42778_69	0.376828322496815	0.476476361316585	0.1466953161866	0	0	0	0	0	0	0
PD42778_68	0.325719303648453	0.575773628688199	0.0985070676633478	0	0	0	0	0	0	0
PD42778_191	0.430399168367499	0.33378213820824	0.235818693424261	0	0	0	0	0	0	0
PD42778_110	0.35978668225137	0.52581522240834	0.11439809534029	0	0	0	0	0	0	0
PD42778_163	0.33450912643612	0.270216600207919	0.115584350449848	0	0	0	0	0.279689922906112	0	0
PD42778_148	0.401101879722843	0.383639157295481	0.215258962981676	0	0	0	0	0	0	0
PD42778_104	0.367220055839851	0.498429046786451	0.134350897373698	0	0	0	0	0	0	0
PD42778_9	0.408303528290558	0.457923713657818	0.133772758051623	0	0	0	0	0	0	0
PD42778_175	0.131996347300055	0.276643045838115	0.0888730108631426	0	0	0	0	0	0.502487595998687	0
PD42778_70	0.382119752169077	0.414953456203385	0.202926791627538	0	0	0	0	0	0	0
PD42778_195	0.432130748738101	0.351984863528675	0.215884387733223	0	0	0	0	0	0	0
PD42778_31	0.332523067226145	0.375838625498011	0.291638307275844	0	0	0	0	0	0	0
PD42778_131	0.336358743942473	0.51800471063114	0.145636545426387	0	0	0	0	0	0	0
PD42778_89	0.326591031040081	0.566809546040653	0.106599422919265	0	0	0	0	0	0	0
PD42778_184	0.391374630128109	0.297186066415962	0.311439303455928	0	0	0	0	0	0	0
PD42778_206	0.382677283477897	0.418016506224484	0.199306210297619	0	0	0	0	0	0	0
PD42778_93	0.382804693589632	0.480487636127167	0.136707670283201	0	0	0	0	0	0	0
PD42778_13	0.379472589971927	0.250933053970716	0.369594356057358	0	0	0	0	0	0	0
PD42778_62	0.306611563320657	0.549485744830506	0.143902691848837	0	0	0	0	0	0	0
PD42778_53	0.279210613033187	0.720789386966813	0	0	0	0	0	0	0	0
PD42778_98	0.260109460809021	0.493124053860151	0.246766485330828	0	0	0	0	0	0	0
PD42778_176	0.216192506123421	0.312180994861411	0.322925317056795	0	0	0	0	0	0.148701181958372	0
PD42778_18	0.345103751859054	0.300127540815773	0.354768707325173	0	0	0	0	0	0	0
PD42778_109	0.342911410835606	0.496670117786516	0.160418471377878	0	0	0	0	0	0	0
PD42778_88	0.272645592215866	0.616570819327512	0.110783588456622	0	0	0	0	0	0	0
PD42778_41	0.283490886377314	0.615550478466927	0.100958635155759	0	0	0	0	0	0	0
PD42778_196	0.343610417693713	0.485929221273687	0.1704603610326	0	0	0	0	0	0	0
PD42778_102	0.360712051717398	0.519091087043336	0.120196861239266	0	0	0	0	0	0	0
PD42778_30	0.372775639630623	0.386419624028486	0.240804736340892	0	0	0	0	0	0	0
PD42778_150	0.254785431313399	0.440109814463204	0.305104754223397	0	0	0	0	0	0	0
PD42778_142	0.432380831908651	0.47226321492104	0.0953559531703088	0	0	0	0	0	0	0
PD42778_1	0.393799973984258	0.472747858310283	0.133452167705458	0	0	0	0	0	0	0
PD42778_86	0.305873421094426	0.569948274648296	0.124178304257278	0	0	0	0	0	0	0
PD42778_79	0.332840811770916	0.523087199805354	0.14407198842373	0	0	0	0	0	0	0
PD42778_19	0.23924428445936	0.571930413551904	0.188825301988735	0	0	0	0	0	0	0
PD42778_72	0.284828920110199	0.538148795811931	0.17702228407787	0	0	0	0	0	0	0
PD42778_170	0.383903718795365	0.49202360761652	0.124072673588114	0	0	0	0	0	0	0
PD42778_103	0.305560958873571	0.573061245955013	0.121377795171416	0	0	0	0	0	0	0
PD42778_113	0.358426987009519	0.484656551726283	0.156916461264198	0	0	0	0	0	0	0
PD42778_135	0.441637390309832	0.375911167425921	0.182451442264247	0	0	0	0	0	0	0
PD42778_182	0.34166860623578	0.414751157880452	0.243580235883768	0	0	0	0	0	0	0
PD42778_164	0.312821459028611	0.489328743585241	0.197849797386148	0	0	0	0	0	0	0
PD42778_129	0.398198292466795	0.452911877714844	0.148889829818361	0	0	0	0	0	0	0
PD42778_58	0.222222598130188	0.442365415042125	0.165417590769164	0	0	0	0	0	0.169994396058522	0
PD42778_21	0.304631645490858	0.562095365174524	0.133272989334618	0	0	0	0	0	0	0
PD42778_107	0.238617549145835	0.638401543732065	0.122980907122101	0	0	0	0	0	0	0
PD42778_108	0.26588789166753	0.625916066538293	0.108196041794177	0	0	0	0	0	0	0
PD42778_199	0.368699615649435	0.488929795057538	0.142370589293026	0	0	0	0	0	0	0
PD42778_50	0.336979326056648	0.547544621100811	0.115476052842541	0	0	0	0	0	0	0
PD42778_222	0.361226741407957	0.537473841915814	0.101299416676229	0	0	0	0	0	0	0
PD42778_223	0.300057184271544	0.476625813923253	0.223317001805203	0	0	0	0	0	0	0
PD42778_81	0.224934629525824	0.664533640055237	0.110531730418939	0	0	0	0	0	0	0
PD42778_151	0.284787648835828	0.379331145902864	0.335881205261308	0	0	0	0	0	0	0
PD42778_83	0.267423978559474	0.533230835070731	0.199345186369796	0	0	0	0	0	0	0
PD42778_56	0.265503952662771	0.395228972801638	0.241785168397651	0	0	0	0	0	0.0974819061379403	0
PD42778_10	0.4091371926227	0.372860613660443	0.218002193716857	0	0	0	0	0	0	0
PD42778_185	0.375739136545555	0.41729614607675	0.206964717377695	0	0	0	0	0	0	0
PD42778_174	0.140409504029535	0.429599267451313	0.254075113775775	0	0	0	0	0	0.175916114743377	0
PD42778_63	0.339873020396224	0.48542101244649	0.174705967157287	0	0	0	0	0	0	0
PD42778_194	0.434736673088602	0.374451516429886	0.190811810481512	0	0	0	0	0	0	0
PD42778_27	0.564359831033615	0.270098260036551	0.165541908929834	0	0	0	0	0	0	0
PD42778_181	0.322514270157672	0.449242476184939	0.228243253657389	0	0	0	0	0	0	0
PD42778_64	0.3550624943815	0.375759385397441	0.269178120221059	0	0	0	0	0	0	0
PD42778_54	0.339514281028781	0.593119428978379	0.0673662899928394	0	0	0	0	0	0	0
PD42778_171	0.588884811042676	0.28640459968001	0.124710589277314	0	0	0	0	0	0	0
PD42778_82	0.293412435369488	0.60925798289902	0.0973295817314927	0	0	0	0	0	0	0
PD42778_130	0.402700938354164	0.471321388893498	0.125977672752338	0	0	0	0	0	0	0
PD42778_159	0.424106477348689	0.454344939682916	0.121548582968395	0	0	0	0	0	0	0
PD42778_38	0.428640257469821	0.451650876849568	0.119708865680611	0	0	0	0	0	0	0
PD42778_24	0.339144611576919	0.5699328204802	0.0909225679428809	0	0	0	0	0	0	0
PD42778_152	0.309987944228704	0.376828206983761	0.313183848787535	0	0	0	0	0	0	0
PD42778_201	0.254806226796281	0.575889455836865	0.169304317366855	0	0	0	0	0	0	0
PD42778_14	0.326364320159183	0.368239079673336	0.305396600167481	0	0	0	0	0	0	0
PD42778_28	0.355785839363251	0.407301701980697	0.236912458656052	0	0	0	0	0	0	0
PD42778_161	0.47847221243964	0.344621335019898	0.176906452540462	0	0	0	0	0	0	0
PD42778_57	0.238172039387329	0.184159192731413	0.206363436948699	0	0	0	0	0	0.0597073159552237	0.311598014977335
PD42778_65	0.450671491014086	0.219341252557483	0.329987256428431	0	0	0	0	0	0	0
PD42778_66	0.35608851922971	0.461092101521014	0.182819379249276	0	0	0	0	0	0	0
PD42778_180	0.422309496626444	0.411850651344749	0.165839852028807	0	0	0	0	0	0	0
PD42778_34	0.303728908188872	0.463982039859297	0.232289051951831	0	0	0	0	0	0	0
PD42778_55	0.435058271334847	0.406196276791467	0.158745451873686	0	0	0	0	0	0	0
PD42778_219	0.368993950085163	0.538985705960776	0.0920203439540618	0	0	0	0	0	0	0
PD42778_226	0.403183769067261	0.408801192605013	0.188015038327726	0	0	0	0	0	0	0
PD42778_157	0.503846334995988	0.34874529134802	0.147408373655992	0	0	0	0	0	0	0
PD42778_47	0.346957205943882	0.562639807759502	0.0904029862966154	0	0	0	0	0	0	0
PD42778_165	0.306206406102719	0.373773852800586	0.320019741096695	0	0	0	0	0	0	0
PD42778_166	0.452809501440541	0.438297837524791	0.108892661034668	0	0	0	0	0	0	0
PD42778_37	0.473159191431949	0.372119814315389	0.154720994252662	0	0	0	0	0	0	0
PD42778_32	0.370064251788391	0.411709311056512	0.218226437155096	0	0	0	0	0	0	0
PD42778_33	0.219183684636611	0.533511158883037	0.247305156480351	0	0	0	0	0	0	0
PD42778_80	0.345395093099171	0.561320550718108	0.0932843561827204	0	0	0	0	0	0	0
PD42778_36	0.394980990068924	0.522449762525221	0.0825692474058556	0	0	0	0	0	0	0
PD42778_78	0.269469120715793	0.630835786282058	0.0996950930021493	0	0	0	0	0	0	0
PD44720_29	0.362046021844495	0.567499932072372	0.070454046083133	0	0	0	0	0	0	0
PD44720_20	0.393705831029306	0.480836089787889	0.125458079182805	0	0	0	0	0	0	0
PD44720_17	0.392957848836725	0.461348221513501	0.145693929649774	0	0	0	0	0	0	0
PD44720_35	0.400583484760426	0.462532929314311	0.136883585925263	0	0	0	0	0	0	0
PD44720_13	0.363937198292937	0.524147489687264	0.111915312019799	0	0	0	0	0	0	0
PD44720_47	0.444592039937309	0.403955226920008	0.151452733142683	0	0	0	0	0	0	0
PD44720_22	0.318914015820746	0.295277536542572	0.385808447636682	0	0	0	0	0	0	0
PD44720_21	0.364758683282669	0.262627326359805	0.372613990357527	0	0	0	0	0	0	0
PD44720_38	0.463538834903856	0.350123432708339	0.186337732387805	0	0	0	0	0	0	0
PD44720_7	0.240887472346065	0.679060417717274	0.0800521099366602	0	0	0	0	0	0	0
PD44720_16	0.370013260719217	0.474321782070565	0.155664957210218	0	0	0	0	0	0	0
PD44720_39	0.439721683326623	0.432741516215775	0.127536800457603	0	0	0	0	0	0	0
PD44720_18	0.323628090078989	0.51995599884956	0.156415911071451	0	0	0	0	0	0	0
PD44720_12	0.423992901911085	0.480472767462713	0.0955343306262023	0	0	0	0	0	0	0
PD44720_11	0.346743978396824	0.543799010084605	0.109457011518571	0	0	0	0	0	0	0
PD44720_23	0.329284166276677	0.283507991513599	0.387207842209725	0	0	0	0	0	0	0
PD44720_67	0.484228867179303	0.515771132820697	0	0	0	0	0	0	0	0
PD44720_40	0.416922107121362	0.501249410172375	0.0818284827062635	0	0	0	0	0	0	0
PD44720_34	0.361282648915924	0.563385534052102	0.0753318170319739	0	0	0	0	0	0	0
PD44720_28	0.366056080110557	0.576049627679411	0.0578942922100323	0	0	0	0	0	0	0
PD44720_19	0.479147163621769	0.419605915649989	0.101246920728242	0	0	0	0	0	0	0
PD44720_79	0.416487412650087	0.379155000047993	0.20435758730192	0	0	0	0	0	0	0
PD44720_30	0.365898367560197	0.566405283323899	0.0676963491159034	0	0	0	0	0	0	0
PD44720_32	0.371211127807741	0.628788872192259	0	0	0	0	0	0	0	0
PD44720_26	0.324986677827676	0.610701551587357	0.0643117705849673	0	0	0	0	0	0	0
PD44720_5	0.40954957731027	0.326214247900038	0.264236174789692	0	0	0	0	0	0	0
PD44720_15	0.407971480654956	0.465189311265218	0.126839208079825	0	0	0	0	0	0	0
PD44720_8	0.449885873722302	0.442530574379061	0.107583551898637	0	0	0	0	0	0	0
PD44720_10	0.349789528803592	0.528237749337779	0.121972721858629	0	0	0	0	0	0	0
PD44720_33	0.422155835285058	0.467759133371625	0.110085031343317	0	0	0	0	0	0	0
PD44720_31	0.369748692862044	0.545746204220919	0.0845051029170378	0	0	0	0	0	0	0
PD44720_48	0.39341973535912	0.293727208231153	0.312853056409727	0	0	0	0	0	0	0
PD44720_36	0.393387414246512	0.530294281229118	0.0763183045243699	0	0	0	0	0	0	0
PD44720_49	0.351131065253625	0.387429646064013	0.261439288682362	0	0	0	0	0	0	0
PD44720_6	0.292633628089548	0.563640672516105	0.143725699394348	0	0	0	0	0	0	0
PD44720_54	0.435583038312983	0.426342081410355	0.138074880276662	0	0	0	0	0	0	0
PD44720_63	0.359954750565932	0.37174522450893	0.268300024925139	0	0	0	0	0	0	0
PD44720_59	0.389878333134378	0.435074746552331	0.175046920313291	0	0	0	0	0	0	0
PD44720_9	0.349718203908953	0.506836984376322	0.143444811714725	0	0	0	0	0	0	0
PD44720_37	0.386792819701108	0.50293061512944	0.110276565169452	0	0	0	0	0	0	0
PD44720_14	0.343371623377332	0.534778605742256	0.121849770880412	0	0	0	0	0	0	0
PD44720_64	0.347166452707138	0.183059884177863	0.469773663115	0	0	0	0	0	0	0
PD44720_27	0.295400050880748	0.632010593620458	0.0725893554987941	0	0	0	0	0	0	0
PD44720_68	0.391215343787437	0.493687741064007	0.115096915148556	0	0	0	0	0	0	0
PD44720_25	0.437933560198658	0.48315413242263	0.0789123073787115	0	0	0	0	0	0	0
PD44720_72	0.593787403818181	0.347681957096317	0.0585306390855014	0	0	0	0	0	0	0
PD44720_24	0.283487474556529	0.661901539179335	0.0546109862641361	0	0	0	0	0	0	0
PD44720_3	0.284412696281228	0.442394996641488	0.273192307077284	0	0	0	0	0	0	0
PD44720_62	0.309387009722065	0.521053069849483	0.169559920428452	0	0	0	0	0	0	0
PD44720_4	0.282834315076778	0.48067297702494	0.236492707898282	0	0	0	0	0	0	0
PD44721_1	0.342672142303441	0.500229772009648	0.157098085686911	0	0	0	0	0	0	0
PD44721_57	0.231918604103807	0.262299094411445	0.505782301484748	0	0	0	0	0	0	0
PD44721_11	0.345655515176143	0.506424846415449	0.147919638408407	0	0	0	0	0	0	0
PD44721_48	0.386358930344004	0.290382022304064	0.323259047351932	0	0	0	0	0	0	0
PD44721_9	0.39360259962059	0.517433828730562	0.0889635716488478	0	0	0	0	0	0	0
PD44721_72	0.325090951764794	0.518190115514773	0.156718932720434	0	0	0	0	0	0	0
PD44721_2	0.371937434930566	0.475246152481716	0.152816412587718	0	0	0	0	0	0	0
PD44721_12	0.354107382049776	0.533352321831147	0.112540296119077	0	0	0	0	0	0	0
PD44721_13	0.34176337248085	0.532669895285719	0.125566732233431	0	0	0	0	0	0	0
PD44721_4	0.378974933461655	0.468704744026779	0.152320322511566	0	0	0	0	0	0	0
PD44721_30	0.375970191606211	0.284968596202314	0.339061212191475	0	0	0	0	0	0	0
PD44721_58	0.344553643617163	0.286883703636347	0.302181520087755	0	0	0	0.0663811326587348	0	0	0
PD44721_28	0.384394280379799	0.508784821674012	0.106820897946189	0	0	0	0	0	0	0
PD44721_6	0.366812605221773	0.316761052687659	0.316426342090568	0	0	0	0	0	0	0
PD44721_33	0.362311368335652	0.360399857212814	0.277288774451533	0	0	0	0	0	0	0
PD44721_73	0.317133228142938	0.56664356912732	0.116223202729742	0	0	0	0	0	0	0
PD44721_55	0.277772262613388	0.317074410391419	0.405153326995192	0	0	0	0	0	0	0
PD44721_10	0.395566685285225	0.446388109072417	0.158045205642358	0	0	0	0	0	0	0
PD44721_7	0.405360808944808	0.30123014835189	0.293409042703302	0	0	0	0	0	0	0
PD44721_54	0.309642877095486	0.275559101399047	0.414798021505467	0	0	0	0	0	0	0
PD44721_22	0.438922390780232	0.331818599179578	0.22925901004019	0	0	0	0	0	0	0
PD44721_32	0.391847167445385	0.332999744571243	0.275153087983372	0	0	0	0	0	0	0
PD44721_20	0.447640483643429	0.327339380295934	0.225020136060638	0	0	0	0	0	0	0
PD44721_8	0.336277168102996	0.544172791236954	0.11955004066005	0	0	0	0	0	0	0
PD44721_61	0.41575558777493	0.297779094136596	0.286465318088474	0	0	0	0	0	0	0
PD44721_29	0.386427344961102	0.368742035634947	0.244830619403951	0	0	0	0	0	0	0
PD44721_59	0.412846719191615	0.352315764559902	0.234837516248484	0	0	0	0	0	0	0
PD44721_56	0.317947386124028	0.307237333245168	0.374815280630804	0	0	0	0	0	0	0
PD44721_63	0.368073143369919	0.311616146322583	0.320310710307498	0	0	0	0	0	0	0
PD44721_23	0.35060700674416	0.392468552792651	0.256924440463188	0	0	0	0	0	0	0
PD44721_52	0.334116756084302	0.468640005316413	0.197243238599285	0	0	0	0	0	0	0
PD44721_31	0.410310157753123	0.367788845700249	0.221900996546628	0	0	0	0	0	0	0
PD44721_15	0.320143051512306	0.326212897523658	0.353644050964036	0	0	0	0	0	0	0
PD44721_3	0.384051267608699	0.479496241999521	0.136452490391781	0	0	0	0	0	0	0
PD44721_69	0.39382467382466	0.29452462429931	0.31165070187603	0	0	0	0	0	0	0
PD44721_60	0.362611892808739	0.432014122186883	0.205373985004378	0	0	0	0	0	0	0
PD44721_21	0.423396063306361	0.291551155292074	0.285052781401566	0	0	0	0	0	0	0
PD44721_37	0.391616239708646	0.477071411819899	0.131312348471455	0	0	0	0	0	0	0
PD44721_18	0.211535235956851	0.287915622987502	0.500549141055647	0	0	0	0	0	0	0
PD44721_70	0.391690491995241	0.3607683992538	0.247541108750959	0	0	0	0	0	0	0
PD44721_5	0.331205580470161	0.451530933864554	0.217263485665285	0	0	0	0	0	0	0
PD44721_67	0.385560236092259	0.486676653414973	0.127763110492769	0	0	0	0	0	0	0
PD44721_68	0.430930835265916	0.43874772357323	0.130321441160854	0	0	0	0	0	0	0
PD44721_47	0.412236181131825	0.348975770712167	0.238788048156008	0	0	0	0	0	0	0
PD44721_51	0.384851477908465	0.439478162311031	0.175670359780504	0	0	0	0	0	0	0
PD44721_26	0.332583005509417	0.600716338135246	0.0667006563553366	0	0	0	0	0	0	0
PD44721_27	0.337509018343015	0.662490981656985	0	0	0	0	0	0	0	0
PD44721_25	0.336678637089305	0.461208358304885	0.202113004605809	0	0	0	0	0	0	0
PD44721_36	0.376967859015903	0.476931827596749	0.146100313387347	0	0	0	0	0	0	0
PD44721_19	0.496371329967358	0.370550586959618	0.133078083073024	0	0	0	0	0	0	0
PD44721_62	0.515889289145469	0.225095366610792	0.259015344243739	0	0	0	0	0	0	0
PD44721_24	0.398966549534897	0.376261267915812	0.22477218254929	0	0	0	0	0	0	0
PD44721_14	0.376527812175049	0.342575693495434	0.280896494329517	0	0	0	0	0	0	0
PD44721_17	0.280080271006089	0.256866348053434	0.463053380940477	0	0	0	0	0	0	0
PD44892_1	0.281682328857423	0.455935480025384	0.0671460670631775	0	0	0.195236124054016	0	0	0	0
PD44892_3	0.241703657422163	0.459249402283615	0.121020041394218	0	0	0.178026898900004	0	0	0	0
PD44892_2	0.274359855136243	0.518180138419731	0	0	0	0.207460006444026	0	0	0	0
PD44893_2	0.407296550741656	0.445333818338437	0.147369630919907	0	0	0	0	0	0	0
PD44893_3	0.398805665382619	0.478557108161703	0.122637226455678	0	0	0	0	0	0	0
PD44893_1	0.396375340049669	0.418129304195499	0.185495355754833	0	0	0	0	0	0	0
PD44894_3	0.314567461334962	0.447797092751585	0.0946860363992396	0	0	0.142949409514214	0	0	0	0
PD44894_2	0.385158152544192	0.366334577134442	0.122116130344765	0	0	0.1263911399766	0	0	0	0
PD44894_1	0.274454153675957	0.434820654557812	0.0906489945444627	0	0	0.200076197221768	0	0	0	0
PD44895_2	0.448309584530694	0.407661073458678	0.144029342010628	0	0	0	0	0	0	0
PD44895_3	0.46210804189313	0.414003623618247	0.123888334488623	0	0	0	0	0	0	0
PD44895_1	0.448279430711053	0.436832743476209	0.114887825812738	0	0	0	0	0	0	0
PD44896_3	0.273308372581429	0.566067996551914	0.0853110263815847	0	0	0.0753126044850731	0	0	0	0
PD44896_1	0.230005013947232	0.606740951741931	0.0701697789410267	0	0	0.09308425536981	0	0	0	0
PD44896_2	0.376747173227529	0.536263221680968	0.0869896050915031	0	0	0	0	0	0	0
PD44897_3	0.370852993724976	0.490309650912389	0.138837355362634	0	0	0	0	0	0	0
PD44897_2	0.365116093166916	0.48349465397608	0.151389252857004	0	0	0	0	0	0	0
PD44897_1	0.370107137243998	0.474073121096604	0.155819741659399	0	0	0	0	0	0	0
PD44898_1	0.391674583387384	0.510276608532588	0.0980488080800277	0	0	0	0	0	0	0
PD44898_2	0.438469520474406	0.460772294224255	0.100758185301339	0	0	0	0	0	0	0
PD44898_3	0.411428269103132	0.490439545472248	0.0981321854246194	0	0	0	0	0	0	0
PD44899_3	0.419212869258059	0.400369679689928	0.180417451052013	0	0	0	0	0	0	0
PD44899_1	0.38326520916973	0.43269010120662	0.18404468962365	0	0	0	0	0	0	0
PD44899_2	0.404673448484595	0.426804265571247	0.168522285944157	0	0	0	0	0	0	0
PD44900_1	0.350645986334438	0.534054306949335	0.115299706716227	0	0	0	0	0	0	0
PD44900_3	0.412888857653299	0.498620864786427	0.0884902775602739	0	0	0	0	0	0	0
PD44900_2	0.396570087286186	0.463228990991237	0.140200921722576	0	0	0	0	0	0	0
PD44901_1	0.383439420740543	0.532242250877254	0.0843183283822032	0	0	0	0	0	0	0
PD44901_3	0.470758568244164	0.427598220533783	0.101643211222052	0	0	0	0	0	0	0
PD44901_2	0.423712341758915	0.460140451144489	0.116147207096596	0	0	0	0	0	0	0
PD44902_1	0.294497632303743	0.447215800543613	0.149255118144787	0	0	0.109031449007857	0	0	0	0
PD44902_3	0.243305599416637	0.522290821996231	0.0898579322121345	0	0	0.144545646374998	0	0	0	0
PD44902_2	0.271307228286768	0.288224011511711	0.127782992605968	0	0	0.0868518978235589	0	0.225833869771993	0	0
300_1_control	0.388283632101303	0.40369681535154	0.0668764322037208	0	0	0.141143120343436	0	0	0	0
300_2_control	0.335663646955046	0.373429794195131	0.10539080510213	0	0	0.185515753747693	0	0	0	0
312_2_control	0.253790777763712	0.459234280272759	0	0	0	0.286974941963529	0	0	0	0
312_1_control	0.196092417275007	0.387244100710337	0.114787171185266	0	0	0.301876310829389	0	0	0	0
312_3_control	0.225766867560959	0.437520465711422	0	0	0	0.33671266672762	0	0	0	0
HLS_1_control	0.392006645103365	0.374498481330797	0.165177258725408	0	0	0.0683176148404287	0	0	0	0
HLS_3_control	0.338115445018998	0.438933734067793	0.130954266978101	0	0	0.0919965539351082	0	0	0	0
HLS_2_control	0.414607225151236	0.380647714285351	0.204745060563413	0	0	0	0	0	0	0
HLS_5_control	0.369097642761724	0.374351414266811	0.161577647751409	0	0	0.094973295220056	0	0	0	0
HLS_4_control	0.374334485459339	0.353105109807296	0.192894872943818	0	0	0.0796655317895466	0	0	0	0
HLS_6_control	0.383266263924733	0.391507047300528	0.149882636446823	0	0	0.0753440523279171	0	0	0	0
O132_1_control	0.381889034642817	0.491756891505842	0.126354073851341	0	0	0	0	0	0	0
O132_5_control	0.195027805551203	0.553459899456168	0.0973220718634467	0	0	0.154190223129182	0	0	0	0
O132_4_control	0.371261104047061	0.5477374990493	0.0810013969036389	0	0	0	0	0	0	0
O132_6_control	0.142499514136725	0.637335790110576	0	0	0	0.2201646957527	0	0	0	0
O132_3_control	0.422507355588711	0.439598193785684	0.137894450625604	0	0	0	0	0	0	0
O132_2_control	0.364326710497172	0.521756600584738	0.11391668891809	0	0	0	0	0	0	0
O162_4_control	0.360466125138693	0.49534815503951	0.144185719821797	0	0	0	0	0	0	0
O162_2_control	0.27591330706432	0.542900264236624	0.181186428699056	0	0	0	0	0	0	0
O162_3_control	0.282705275248005	0.617524683466348	0.0997700412856468	0	0	0	0	0	0	0
O162_1_control	0.314728754982482	0.521638629486315	0.163632615531202	0	0	0	0	0	0	0
O174_2_control	0.268512675037561	0.451324812591993	0.114300569498804	0.0914262153026181	0.0744357275690242	0	0	0	0	0
O174_1_control	0.35060920046222	0.474932164203578	0.174458635334202	0	0	0	0	0	0	0
O174_8_control	0.278789150402167	0.296780710148609	0.141357303608239	0	0	0	0.283072835840985	0	0	0
O174_14_control	0.0920947845095213	0	0	0	0	0	0.907905215490479	0	0	0
O174_5_control	0.31254966122751	0.555699942275043	0.131750396497447	0	0	0	0	0	0	0
O174_3_control	0.1560504160621	0.0985729877492209	0.0549727216157463	0	0	0	0.690403874572933	0	0	0
O174_9_control	0.192169679601081	0.278201263365692	0.0806791175918109	0	0	0	0.448949939441416	0	0	0
O174_6_control	0.282598073788702	0.622715106947853	0.0946868192634446	0	0	0	0	0	0	0
O174_7_control	0.228803300944342	0.414700570003064	0.112018237251422	0	0	0	0.244477891801172	0	0	0
O174_4_control	0.188486446218955	0.186983014716271	0.0662666754220541	0	0	0	0.558263863642719	0	0	0
O174_16_control	0.0981865123939519	0.0538908148237921	0	0	0	0	0.847922672782256	0	0	0
O176_1_control	0.326705177871505	0.501871303127954	0.171423519000541	0	0	0	0	0	0	0
O176_3_control	0.396096830562943	0.450069626653203	0.153833542783853	0	0	0	0	0	0	0
O176_7_control	0.366659172225278	0.456805344529297	0.176535483245425	0	0	0	0	0	0	0
O176_5_control	0.25068327927696	0.486534883533157	0.105400978412432	0	0	0.157380858777451	0	0	0	0
O176_2_control	0.39885002007401	0.432613478678278	0.168536501247712	0	0	0	0	0	0	0
O176_4_control	0.336671798306577	0.528977454242129	0.134350747451294	0	0	0	0	0	0	0
O176_6_control	0.343920754077396	0.463267738790096	0.118464544589397	0	0	0.0743469625431101	0	0	0	0
O187_3_control	0.338347763959331	0.412470790184994	0.249181445855675	0	0	0	0	0	0	0
O187_5_control	0.369523185983887	0.313564085674977	0.316912728341136	0	0	0	0	0	0	0
O187_1_control	0.385883321736213	0.331443910011005	0.282672768252782	0	0	0	0	0	0	0
O187_6_control	0.367375865425173	0.303318094073341	0.329306040501487	0	0	0	0	0	0	0
O187_4_control	0.338351064552313	0.403842085302707	0.257806850144981	0	0	0	0	0	0	0
O187_2_control	0.451314604343599	0.285378702216647	0.263306693439754	0	0	0	0	0	0	0
O187_10_control	0.398976239118879	0.246305765872247	0.354717995008874	0	0	0	0	0	0	0
O189_2_control	0.382858970304086	0.449473048181766	0.167667981514148	0	0	0	0	0	0	0
O189_6_control	0.410748863074877	0.477782674163589	0.111468462761534	0	0	0	0	0	0	0
O189_1_control	0.38581333306413	0.480755623902311	0.133431043033559	0	0	0	0	0	0	0
O189_3_control	0.391853256723869	0.418732921047735	0.0870656883534648	0	0	0.102348133874931	0	0	0	0
O189_4_control	0.386862386335783	0.449700933944478	0.163436679719739	0	0	0	0	0	0	0
O189_5_control	0.39253687214745	0.425541825601325	0.181921302251225	0	0	0	0	0	0	0
O193_3_control	0.426460085470654	0.407763603798293	0.165776310731053	0	0	0	0	0	0	0
O193_7_control	0.367887936986618	0.535810834519113	0.0963012284942694	0	0	0	0	0	0	0
O193_1_control	0.383717011266467	0.454790761816921	0.161492226916612	0	0	0	0	0	0	0
O193_8_control	0.389657194859736	0.449317026641639	0.161025778498625	0	0	0	0	0	0	0
O193_5_control	0.404678101284853	0.472191094963602	0.123130803751546	0	0	0	0	0	0	0
O193_2_control	0.410576589167413	0.435559838106495	0.153863572726092	0	0	0	0	0	0	0
O193_4_control	0.346663900271178	0.575319683564116	0.0780164161647059	0	0	0	0	0	0	0
O193_9_control	0.368663391809866	0.506536942149026	0.124799666041108	0	0	0	0	0	0	0
O193_6_control	0.3240933460405	0.581855521408708	0.0940511325507919	0	0	0	0	0	0	0
O208_4_control	0.349809628018348	0.498955094037873	0.151235277943778	0	0	0	0	0	0	0
O208_2_control	0.314190986654106	0.588962349990545	0.0968466633553493	0	0	0	0	0	0	0
O208_3_control	0.335179991672177	0.428984264633944	0.134855219157779	0	0	0	0.1009805245361	0	0	0
O208_1_control	0.348640703727234	0.53532893077643	0.116030365496336	0	0	0	0	0	0	0
O208_5_control	0.389212185210907	0.462366161846078	0.148421652943016	0	0	0	0	0	0	0
O208_6_control	0.400935115787325	0.471832827016481	0.127232057196194	0	0	0	0	0	0	0
O225_4_control	0.244842427932337	0.350912221847334	0.0653999161626044	0	0	0.126744721116506	0	0.212100712941219	0	0
O225_2_control	0.320285501960786	0.52683088442639	0.152883613612824	0	0	0	0	0	0	0
O225_6_control	0.264154162112436	0.491680730197596	0.0706530935297797	0	0	0.173512014160188	0	0	0	0
O225_3_control	0.327945676362677	0.569082182521002	0.102972141116321	0	0	0	0	0	0	0
O225_7_control	0.307938561321722	0.584423983932722	0.107637454745556	0	0	0	0	0	0	0
O225_8_control	0.30438618234536	0.567585704796068	0.128028112858571	0	0	0	0	0	0	0
O225_5_control	0.226380975991595	0.324593095557074	0.0740678877820689	0	0	0.147052267664728	0	0.227905773004534	0	0
O225_1_control	0.301563539242547	0.567172590976177	0.131263869781276	0	0	0	0	0	0	0
O225_15_control	0.193501194481036	0.309106581312557	0	0	0	0.497392224206407	0	0	0	0
O232_3_control	0.369078849678547	0.50568750998222	0.125233640339233	0	0	0	0	0	0	0
O232_5_control	0.154154473522506	0.365809004389247	0	0	0	0	0	0.480036522088247	0	0
O232_2_control	0.440941971029142	0.385899108390296	0.173158920580562	0	0	0	0	0	0	0
O232_8_control	0.361903521194805	0.4899961814053	0.148100297399895	0	0	0	0	0	0	0
O232_7_control	0.189691956551141	0.230141391957511	0.0546707932967544	0	0	0.106370282401387	0	0.419125575793207	0	0
O232_6_control	0.215039303940684	0.227472375986574	0.0512168611051712	0	0	0.112807445405794	0	0.393464013561776	0	0
O232_1_control	0.392830654270787	0.431309922195244	0.175859423533969	0	0	0	0	0	0	0
O232_4_control	0.326173046679233	0.507002550358412	0.166824402962355	0	0	0	0	0	0	0
O232_12_control	0.575808047417007	0.351156444294908	0.073035508288085	0	0	0	0	0	0	0
O244_4_control	0.322442532853276	0.514652145592137	0.162905321554587	0	0	0	0	0	0	0
O244_5_control	0.391707706129502	0.44238699896226	0.165905294908238	0	0	0	0	0	0	0
O244_1_control	0.350975372831309	0.485368697508177	0.163655929660513	0	0	0	0	0	0	0
O244_3_control	0.339647239513697	0.490891624916491	0.169461135569812	0	0	0	0	0	0	0
O244_7_control	0.33241961827508	0.492652940543749	0.174927441181171	0	0	0	0	0	0	0
O244_6_control	0.349577153767977	0.46114766435079	0.189275181881233	0	0	0	0	0	0	0
O244_2_control	0.281277828726184	0.523089272439911	0.195632898833905	0	0	0	0	0	0	0
O244_13_control	0.382784003717494	0.459449093287301	0.157766902995205	0	0	0	0	0	0	0
O251_5_control	0.31574975956955	0.559124880488809	0.125125359941641	0	0	0	0	0	0	0
O251_7_control	0.355089450324592	0.489983491585266	0.154927058090142	0	0	0	0	0	0	0
O251_3_control	0.354688791907003	0.470558528492361	0.174752679600636	0	0	0	0	0	0	0
O251_2_control	0.374493017691935	0.444816747418536	0.180690234889529	0	0	0	0	0	0	0
O251_6_control	0.354549066012198	0.530963644608698	0.114487289379104	0	0	0	0	0	0	0
O251_1_control	0.351131376778462	0.482384330478403	0.166484292743135	0	0	0	0	0	0	0
O251_8_control	0.358932830886344	0.497326041012667	0.143741128100989	0	0	0	0	0	0	0
O251_4_control	0.384115824370855	0.488780419600918	0.127103756028227	0	0	0	0	0	0	0
O251_15_control	0.471194737790041	0.434435230057781	0.0943700321521781	0	0	0	0	0	0	0
O311_1_control	0.237358194519541	0.500322455343778	0.113510487722904	0	0	0.148808862413777	0	0	0	0
O311_7_control	0.066166786630118	0	0	0	0	0.442738573042721	0.491094640327161	0	0	0
O311_4_control	0.340483141192327	0.494882638456743	0.16463422035093	0	0	0	0	0	0	0
O311_3_control	0.337124011731639	0.527873707198396	0.135002281069964	0	0	0	0	0	0	0
O311_2_control	0.354758245762038	0.460516591063921	0.184725163174041	0	0	0	0	0	0	0
O311_6_control	0.255355122587307	0.744644877412693	0	0	0	0	0	0	0	0
O325_3_control	0.258492013605827	0.646330541018745	0.0951774453754282	0	0	0	0	0	0	0
O325_7_control	0.344515983997351	0.444644640388899	0.116841916402412	0	0	0.093997459211338	0	0	0	0
O325_5_control	0.464751612257626	0.349783262665168	0.185465125077206	0	0	0	0	0	0	0
O325_6_control	0.305484171398795	0.571537364207726	0.122978464393478	0	0	0	0	0	0	0
O325_2_control	0.283232134610074	0.638861128845649	0.0779067365442769	0	0	0	0	0	0	0
O325_8_control	0.30008701925897	0.42435468868175	0.101059890872093	0	0	0.174498401187187	0	0	0	0
O325_4_control	0.30082264792267	0.591202281867181	0.107975070210149	0	0	0	0	0	0	0
O325_1_control	0.249906435180163	0.590321144078198	0.0793880947340841	0	0	0.0803843260075554	0	0	0	0
O325_14_control	0.186928824151653	0.298073841929691	0	0	0	0.514997333918655	0	0	0	0
O333_6_control	0.357955132001122	0.530499062646142	0.111545805352736	0	0	0	0	0	0	0
O333_5_control	0.312411385015055	0.607501701948834	0.0800869130361108	0	0	0	0	0	0	0
O333_10_control	0.3514655191498	0.544324924587954	0.104209556262246	0	0	0	0	0	0	0
O333_8_control	0.339670315903932	0.37963702257266	0.112079031829361	0	0	0	0	0.168613629694047	0	0
O333_7_control	0.351854306022425	0.514007935158661	0.134137758818914	0	0	0	0	0	0	0
O333_9_control	0.325382422975793	0.519885930327262	0.154731646696945	0	0	0	0	0	0	0
O333_1_control	0.291253386680252	0.578273898350336	0.130472714969412	0	0	0	0	0	0	0
O333_4_control	0.354842299741864	0.532583984933087	0.112573715325048	0	0	0	0	0	0	0
O333_16_control	0.597574442779861	0.218897049514098	0.183528507706041	0	0	0	0	0	0	0
O333_3_control	0.327239792554198	0.593938749780804	0.0788214576649981	0	0	0	0	0	0	0
O333_2_control	0.23231644487287	0.66832071224869	0.09936284287844	0	0	0	0	0	0	0
O340_7_control	0.393070262862643	0.412107182287288	0.194822554850069	0	0	0	0	0	0	0
O340_5_control	0.387983448729119	0.46274723004456	0.149269321226321	0	0	0	0	0	0	0
O340_3_control	0.345855848332218	0.54377722801225	0.110366923655532	0	0	0	0	0	0	0
O340_2_control	0.298745429011498	0.587401552327267	0.113853018661235	0	0	0	0	0	0	0
O340_6_control	0.344617878703305	0.480583159726624	0.174798961570071	0	0	0	0	0	0	0
O340_1_control	0.33595972899252	0.546330154197628	0.117710116809851	0	0	0	0	0	0	0
O340_4_control	0.335673723617863	0.504467466706262	0.159858809675875	0	0	0	0	0	0	0
O342_1_control	0.345200071594061	0.499721442802307	0.155078485603632	0	0	0	0	0	0	0
O342_2_control	0.330334287272683	0.499155040571097	0.17051067215622	0	0	0	0	0	0	0
O342_3_control	0.325342643315489	0.497375837088599	0.177281519595912	0	0	0	0	0	0	0
O342_5_control	0.331582882637797	0.523019695165299	0.145397422196905	0	0	0	0	0	0	0
O342_4_control	0.363349094882791	0.425468584872956	0.211182320244253	0	0	0	0	0	0	0
O342_6_control	0.337254522990578	0.510975349150679	0.151770127858743	0	0	0	0	0	0	0
O395_4_control	0.291943278840924	0.621849383273769	0.086207337885307	0	0	0	0	0	0	0
O395_2_control	0.288220456865418	0.658895243319425	0.052884299815157	0	0	0	0	0	0	0
O395_1_control	0.295887247302853	0.645659197570009	0.0584535551271383	0	0	0	0	0	0	0
O395_5_control	0.353296319873083	0.536428304927242	0.110275375199675	0	0	0	0	0	0	0
O395_3_control	0.27679950136261	0.587563681531479	0.0795938316067896	0	0	0.0560429854991214	0	0	0	0
O395_6_control	0.377933754356642	0.510280856881664	0.111785388761694	0	0	0	0	0	0	0
O401_2_control	0.257341597111639	0.66658889997425	0.0760695029141112	0	0	0	0	0	0	0
O401_4_control	0.328720356054784	0.550141803160376	0.12113784078484	0	0	0	0	0	0	0
O401_6_control	0.322931106746685	0.550439793113313	0.126629100140002	0	0	0	0	0	0	0
O401_1_control	0.252260691013172	0.653285997835297	0.094453311151532	0	0	0	0	0	0	0
O401_5_control	0.263327164837088	0.654959051710988	0.0817137834519241	0	0	0	0	0	0	0
O401_3_control	0.352198610322104	0.539583960358899	0.108217429318997	0	0	0	0	0	0	0
O438_4_control	0.307655628463611	0.557445104942169	0.13489926659422	0	0	0	0	0	0	0
O438_2_control	0.338294725259846	0.550466389120559	0.111238885619595	0	0	0	0	0	0	0
O438_1_control	0.356987408625149	0.50645136530807	0.136561226066781	0	0	0	0	0	0	0
O438_3_control	0.203533613431094	0.734542995116217	0.0619233914526894	0	0	0	0	0	0	0
O438_7_control	0.304038005511764	0.540973790196253	0.154988204291983	0	0	0	0	0	0	0
OO10_4_control	0.381097485842895	0.481909705562951	0.136992808594154	0	0	0	0	0	0	0
OO10_9_control	0.324038560779513	0.490542161366786	0.185419277853701	0	0	0	0	0	0	0
OO10_11_control	0.34997587782132	0.513602486053875	0.136421636124805	0	0	0	0	0	0	0
OO10_10_control	0.364851645225028	0.511039572900536	0.124108781874436	0	0	0	0	0	0	0
OO10_1_control	0.401378278263713	0.451353741968634	0.147267979767653	0	0	0	0	0	0	0
OO10_2_control	0.353247009473563	0.489146157341637	0.1576068331848	0	0	0	0	0	0	0
OO10_6_control	0.215218721613867	0.529249060906427	0	0	0	0.255532217479707	0	0	0	0
OO10_3_control	0.363677754735503	0.493762391289024	0.142559853975473	0	0	0	0	0	0	0
OO10_7_control	0.208281374957749	0.447277497009863	0	0	0	0.344441128032388	0	0	0	0
OO10_8_control	0.227848990865518	0.501916730813846	0.0980925569200582	0	0	0.172141721400578	0	0	0	0
OO10_5_control	0.271022265633356	0.543028719225477	0.0810267258245863	0	0	0.104922289316581	0	0	0	0
OO13_7_control	0.200133293547624	0.361282470450829	0.0831121094718315	0	0	0.0968701909105995	0.258601935619117	0	0	0
OO13_4_control	0.26850018013424	0.242610390736091	0.0876318200055876	0	0	0.0845304039337228	0.316727205190359	0	0	0
OO13_9_control	0.231707327359196	0.384198148681746	0.104225123710774	0	0	0.152431984227021	0.127437416021262	0	0	0
OO13_5_control	0.228001647617365	0.411874579710489	0.089438007506429	0	0	0.270685765165717	0	0	0	0
OO13_2_control	0.173485562545687	0.4581501134439	0.0740521612283118	0	0	0.294312162782101	0	0	0	0
OO13_3_control	0.207790825981237	0.232290708412115	0.0725030014089325	0	0	0.110344996385564	0.377070467812152	0	0	0
OO13_6_control	0.27304547423269	0.310340296713397	0.0848599786319598	0	0	0.101589413119	0.230164837302953	0	0	0
OO13_8_control	0.260989301050825	0.390195480906335	0.107117674700121	0	0	0.0912177797868452	0.150479763555874	0	0	0
OO13_1_control	0.236006002979867	0.429733900520296	0.0614260725606801	0	0	0.272834023939157	0	0	0	0
OO23_3_control	0.362927991925399	0.525200702715099	0.111871305359502	0	0	0	0	0	0	0
OO23_1_control	0.324703594516258	0.527963058057999	0.147333347425743	0	0	0	0	0	0	0
OO23_2_control	0.32760531926821	0.516213990593776	0.156180690138013	0	0	0	0	0	0	0
OO23_4_control	0.358736789998071	0.523827108576517	0.117436101425412	0	0	0	0	0	0	0
OO35_3_control	0.401451692093125	0.444603586917688	0.153944720989187	0	0	0	0	0	0	0
OO35_1_control	0.379300169497821	0.486813601377826	0.133886229124353	0	0	0	0	0	0	0
OO35_2_control	0.3278694529763	0.538394952346907	0.133735594676793	0	0	0	0	0	0	0
OO39_2_control	0.385047074471678	0.51282873620991	0.102124189318413	0	0	0	0	0	0	0
OO39_3_control	0.34408971755399	0.543651850882126	0.112258431563884	0	0	0	0	0	0	0
OO39_1_control	0.394788258400446	0.508393907790573	0.0968178338089813	0	0	0	0	0	0	0
OO39_4_control	0.363033376591101	0.529692287020876	0.107274336388023	0	0	0	0	0	0	0
OO39_7_control	0.51700577307334	0.329585330486993	0.153408896439667	0	0	0	0	0	0	0
OO82_1_control	0.39214464136754	0.390786129190447	0.217069229442013	0	0	0	0	0	0	0
OO82_6_control	0.429201666918636	0.353015044841446	0.217783288239918	0	0	0	0	0	0	0
OO82_2_control	0.303562122683725	0.335903273002679	0.360534604313595	0	0	0	0	0	0	0
OO82_3_control	0.396002594184658	0.429185995653114	0.174811410162228	0	0	0	0	0	0	0
OO82_10_control	0.382838765249306	0.421291622072333	0.195869612678361	0	0	0	0	0	0	0
OO82_8_control	0.407842232215776	0.395973367133279	0.196184400650945	0	0	0	0	0	0	0
OO82_11_control	0.32480931174557	0.590967851026111	0.0842228372283192	0	0	0	0	0	0	0
OO82_5_control	0.427248318184046	0.364539719779333	0.208211962036622	0	0	0	0	0	0	0
OO82_4_control	0.378981377121623	0.410696403153581	0.210322219724796	0	0	0	0	0	0	0
OO82_7_control	0.411571298263314	0.387082524586069	0.201346177150616	0	0	0	0	0	0	0
OO82_9_control	0.374662320195207	0.528564068644547	0.0967736111602464	0	0	0	0	0	0	0
OO94_2_control	0.312794563572785	0.544168578539434	0.14303685788778	0	0	0	0	0	0	0
OO94_10_control	0.373476482551602	0.51534430926341	0.111179208184988	0	0	0	0	0	0	0
OO94_4_control	0.365196122396783	0.483088690919874	0.151715186683343	0	0	0	0	0	0	0
OO94_5_control	0.274332204062651	0.532522425873256	0.0721842604985471	0	0	0.120961109565546	0	0	0	0
OO94_7_control	0.371668680878456	0.495447550939419	0.132883768182125	0	0	0	0	0	0	0
OO94_6_control	0.338942503592941	0.541657180707527	0.119400315699533	0	0	0	0	0	0	0
OO94_3_control	0.31976109047219	0.54710859848658	0.13313031104123	0	0	0	0	0	0	0
OO94_8_control	0.371163995053387	0.52302391048423	0.105812094462383	0	0	0	0	0	0	0
OO94_1_control	0.309717742765479	0.577512724468387	0.112769532766134	0	0	0	0	0	0	0
OO94_9_control	0.393109164406444	0.485463959891314	0.121426875702243	0	0	0	0	0	0	0
OO99_1_control	0.366690431794465	0.476521414821322	0.156788153384213	0	0	0	0	0	0	0
OO99_6_control	0.357076413180176	0.502874653503633	0.140048933316191	0	0	0	0	0	0	0
OO99_4_control	0.348180267214481	0.453556565469919	0.198263167315599	0	0	0	0	0	0	0
OO99_3_control	0.355666666251121	0.470096729261513	0.174236604487366	0	0	0	0	0	0	0
OO99_2_control	0.310573044940481	0.517250431567992	0.172176523491526	0	0	0	0	0	0	0
OO99_8_control	0.380903799334756	0.473954571723458	0.145141628941786	0	0	0	0	0	0	0
OO99_5_control	0.368785190460707	0.494367450954114	0.136847358585179	0	0	0	0	0	0	0
OO99_7_control	0.338636127082331	0.440679984307587	0.220683888610082	0	0	0	0	0	0	0
OOO7_1_control	0.3246298139671	0.563220542829506	0.112149643203394	0	0	0	0	0	0	0
OOO7_4_control	0.358028996131695	0.434417662224374	0.143161576786156	0	0	0.0643917648577745	0	0	0	0
OOO7_2_control	0.271995915854761	0.327577791369026	0.109218448911685	0	0	0.204295714592242	0.0869121292722862	0	0	0
OOO7_3_control	0.294999482708233	0.467855398666344	0.109285054874725	0	0	0.127860063750698	0	0	0	0
OOO7_6_control	0.162880880578645	0.837119119421355	0	0	0	0	0	0	0	0
OOO8_5_control	0.194465634006608	0.449011643407526	0	0	0	0.356522722585866	0	0	0	0
OOO8_3_control	0.35714961719418	0.48613229897922	0.156718083826599	0	0	0	0	0	0	0
OOO8_4_control	0.243803674215648	0.382830955582852	0.0744202429873082	0	0	0.298945127214192	0	0	0	0
OOO8_1_control	0.322742619852416	0.558842323335284	0.1184150568123	0	0	0	0	0	0	0
OOO8_2_control	0.362080195886744	0.462756412911442	0.175163391201814	0	0	0	0	0	0	0
OOO8_7_control	0.28319263230631	0.607840410526253	0.108966957167437	0	0	0	0	0	0	0
OOO8_6_control	0.262220302387233	0.598935687082705	0.138844010530062	0	0	0	0	0	0	0
OOO8_8_control	0.306547299378542	0.497654546924953	0.0968845705996506	0	0	0.0989135830968543	0	0	0	0
OOO8_15_control	0.305454030047018	0.349834401464622	0.0631596260282677	0	0	0.281551942460092	0	0	0	0
PD28690_1_control	0.403970182971153	0.46268426996006	0.133345547068787	0	0	0	0	0	0	0
PD28690_4_control	0.353494689794624	0.475744050666726	0.17076125953865	0	0	0	0	0	0	0
PD28690_3_control	0.393829431215339	0.456772353601383	0.149398215183279	0	0	0	0	0	0	0
PD28690_2_control	0.360012169020145	0.44246820380775	0.197519627172105	0	0	0	0	0	0	0
PD28690_6_control	0.345826228554882	0.411243113885623	0.242930657559495	0	0	0	0	0	0	0
PD28690_5_control	0.330658471963836	0.497990285088991	0.171351242947173	0	0	0	0	0	0	0
PD28690_11_control	0.335534312885816	0.322665287701993	0.12033311666402	0	0	0.221467282748171	0	0	0	0
PD34199_20_control	0.348136581811023	0.474519560069598	0.177343858119379	0	0	0	0	0	0	0
PD34199_8_control	0.360902756904404	0.508687541677065	0.130409701418531	0	0	0	0	0	0	0
PD34199_14_control	0.384113866088063	0.496915362822521	0.118970771089417	0	0	0	0	0	0	0
PD34199_7_control	0.404437104812992	0.431842150445118	0.16372074474189	0	0	0	0	0	0	0
PD34199_5_control	0.392732606516236	0.505916259450966	0.101351134032798	0	0	0	0	0	0	0
PD34199_3_control	0.36919259419122	0.454424280531991	0.176383125276789	0	0	0	0	0	0	0
PD34199_11_control	0.343528700622906	0.547624907354206	0.108846392022888	0	0	0	0	0	0	0
PD34199_19_control	0.323470330965019	0.505065090638801	0.17146457839618	0	0	0	0	0	0	0
PD34199_2_control	0.375735944491263	0.485704738589352	0.138559316919385	0	0	0	0	0	0	0
PD34199_13_control	0.370679331121257	0.494342976340809	0.134977692537934	0	0	0	0	0	0	0
PD34199_1_control	0.365409486982846	0.484011226926706	0.150579286090448	0	0	0	0	0	0	0
PD34199_17_control	0.335450735882718	0.515617269331828	0.148931994785455	0	0	0	0	0	0	0
PD34199_15_control	0.363910574257491	0.546172967391409	0.0899164583511001	0	0	0	0	0	0	0
PD34199_10_control	0.407048276891959	0.424449654875509	0.168502068232532	0	0	0	0	0	0	0
PD34199_6_control	0.379919255871299	0.471673841379627	0.148406902749073	0	0	0	0	0	0	0
PD34199_9_control	0.40280578029921	0.430727888827471	0.166466330873319	0	0	0	0	0	0	0
PD34199_12_control	0.336332202227126	0.514062322898874	0.149605474874001	0	0	0	0	0	0	0
PD34199_4_control	0.355929021568121	0.496008980703957	0.148061997727922	0	0	0	0	0	0	0
PD34199_21_control	0.343845852661106	0.517406589341196	0.138747557997697	0	0	0	0	0	0	0
PD34199_16_control	0.356832175286899	0.506217693269457	0.136950131443644	0	0	0	0	0	0	0
PD34199_18_control	0.34267768269411	0.520642364478453	0.136679952827438	0	0	0	0	0	0	0
PD34199_29_control	0.449057413441685	0.44427040537727	0.106672181181045	0	0	0	0	0	0	0
PD34200_1_control	0.347369917841019	0.495916856016478	0.156713226142503	0	0	0	0	0	0	0
PD34200_35_control	0.38253467356337	0.509903053362574	0.107562273074056	0	0	0	0	0	0	0
PD34200_18_control	0.328983907100413	0.519856466512549	0.151159626387038	0	0	0	0	0	0	0
PD34200_20_control	0.384090116078154	0.481998641476534	0.133911242445312	0	0	0	0	0	0	0
PD34200_38_control	0.289622720593549	0.645882006625549	0.0644952727809021	0	0	0	0	0	0	0
PD34200_39_control	0.269121865667435	0.640693089137473	0.0901850451950924	0	0	0	0	0	0	0
PD34200_28_control	0.377720150417447	0.468306643915898	0.153973205666654	0	0	0	0	0	0	0
PD34200_80_control	0.367328230055898	0.47421066869771	0.158461101246392	0	0	0	0	0	0	0
PD34200_12_control	0.385429556306178	0.494462597745735	0.120107845948087	0	0	0	0	0	0	0
PD34200_16_control	0.370632514578579	0.452439984944381	0.17692750047704	0	0	0	0	0	0	0
PD34200_22_control	0.344540957368821	0.503555601479307	0.151903441151872	0	0	0	0	0	0	0
PD34200_40_control	0.283992551668356	0.610197405628316	0.105810042703328	0	0	0	0	0	0	0
PD34200_30_control	0.308537088652457	0.579755825394759	0.111707085952785	0	0	0	0	0	0	0
PD34200_11_control	0.434039231925627	0.398545292260523	0.16741547581385	0	0	0	0	0	0	0
PD34200_4_control	0.433734029729859	0.416099994805303	0.150165975464838	0	0	0	0	0	0	0
PD34200_32_control	0.369714698630891	0.464830088649052	0.165455212720057	0	0	0	0	0	0	0
PD34200_25_control	0.32649463327474	0.582883209226429	0.0906221574988305	0	0	0	0	0	0	0
PD34200_27_control	0.349380661588504	0.505467612931798	0.145151725479699	0	0	0	0	0	0	0
PD34200_41_control	0.278022435299854	0.627865198315904	0.0941123663842417	0	0	0	0	0	0	0
PD34200_6_control	0.42451558563984	0.396631266477417	0.178853147882744	0	0	0	0	0	0	0
PD34200_29_control	0.380259739196392	0.47682266865899	0.142917592144618	0	0	0	0	0	0	0
PD34200_17_control	0.411411217970932	0.43526369859839	0.153325083430679	0	0	0	0	0	0	0
PD34200_3_control	0.440694719874164	0.388299238474821	0.171006041651015	0	0	0	0	0	0	0
PD34200_8_control	0.403444977021369	0.467294160147274	0.129260862831358	0	0	0	0	0	0	0
PD34200_19_control	0.345260594561031	0.505504213703718	0.149235191735251	0	0	0	0	0	0	0
PD34200_66_control	0.437959790872297	0.417988887899357	0.144051321228346	0	0	0	0	0	0	0
PD34200_59_control	0.414220808418407	0.423901460976495	0.161877730605098	0	0	0	0	0	0	0
PD34200_44_control	0.31895942897794	0.591753896361322	0.0892866746607376	0	0	0	0	0	0	0
PD34200_9_control	0.413461846663321	0.412123282377405	0.174414870959274	0	0	0	0	0	0	0
PD34200_37_control	0.267928855077164	0.732071144922836	0	0	0	0	0	0	0	0
PD34200_36_control	0.319354616961509	0.583264458317549	0.0973809247209418	0	0	0	0	0	0	0
PD34200_23_control	0.328847081233972	0.584921502718716	0.0862314160473114	0	0	0	0	0	0	0
PD34200_10_control	0.329603531608346	0.548552297201768	0.121844171189886	0	0	0	0	0	0	0
PD34200_5_control	0.399978970137358	0.472032766999347	0.127988262863295	0	0	0	0	0	0	0
PD34200_7_control	0.423240900088464	0.398365605840273	0.178393494071263	0	0	0	0	0	0	0
PD34200_73_control	0.301672900598706	0.581581508008468	0.116745591392825	0	0	0	0	0	0	0
PD34200_43_control	0.34568770506998	0.528036588773744	0.126275706156276	0	0	0	0	0	0	0
PD34200_21_control	0.296937512715924	0.587089727582253	0.115972759701823	0	0	0	0	0	0	0
PD34200_31_control	0.308491249100918	0.598064585829445	0.093444165069637	0	0	0	0	0	0	0
PD34200_26_control	0.276937501090496	0.662110006991077	0.0609524919184266	0	0	0	0	0	0	0
PD34200_61_control	0.370864402256237	0.502139793219321	0.126995804524442	0	0	0	0	0	0	0
PD34200_13_control	0.417698051414305	0.451272948273668	0.131029000312027	0	0	0	0	0	0	0
PD34200_24_control	0.360818802830854	0.473209747965704	0.165971449203442	0	0	0	0	0	0	0
PD34200_2_control	0.417331507999796	0.448181561494287	0.134486930505918	0	0	0	0	0	0	0
PD34200_60_control	0.624398438141722	0.285561093316032	0.0900404685422467	0	0	0	0	0	0	0
PD34200_42_control	0.280833378335906	0.640053454440948	0.0791131672231453	0	0	0	0	0	0	0
PD34200_72_control	0.397196038098949	0.435389793405376	0.167414168495675	0	0	0	0	0	0	0
PD34200_14_control	0.423673747931778	0.370808434382687	0.205517817685535	0	0	0	0	0	0	0
PD34200_75_control	0.36179224818594	0.516947593422533	0.121260158391526	0	0	0	0	0	0	0
PD34200_15_control	0.403325368390676	0.524689995992024	0.0719846356172996	0	0	0	0	0	0	0
PD34200_76_control	0.494821451216445	0.35884813505609	0.146330413727465	0	0	0	0	0	0	0
PD34201_7_control	0.327970740926753	0.591828802575907	0.0802004564973402	0	0	0	0	0	0	0
PD34201_42_control	0.331601134850716	0.607486290458625	0.0609125746906586	0	0	0	0	0	0	0
PD34201_40_control	0.32709612111381	0.599996059617876	0.0729078192683141	0	0	0	0	0	0	0
PD34201_33_control	0.400118145936158	0.502862841161076	0.0970190129027663	0	0	0	0	0	0	0
PD34201_39_control	0.322776753281062	0.612918009623615	0.0643052370953236	0	0	0	0	0	0	0
PD34201_31_control	0.379130380535017	0.530541283059212	0.0903283364057713	0	0	0	0	0	0	0
PD34201_20_control	0.352524676960593	0.535447752697361	0.112027570342046	0	0	0	0	0	0	0
PD34201_34_control	0.238418149291534	0.704585669567328	0.0569961811411387	0	0	0	0	0	0	0
PD34201_16_control	0.389296470560315	0.48839331572207	0.122310213717615	0	0	0	0	0	0	0
PD34201_50_control	0.292460730468909	0.648550725137031	0.05898854439406	0	0	0	0	0	0	0
PD34201_107_control	0.383344011160514	0.526568608513673	0.0900873803258133	0	0	0	0	0	0	0
PD34201_49_control	0.335242614976082	0.553535072583651	0.111222312440267	0	0	0	0	0	0	0
PD34201_32_control	0.403039794517377	0.528841053656099	0.0681191518265241	0	0	0	0	0	0	0
PD34201_14_control	0.299221076913091	0.631518111270332	0.0692608118165771	0	0	0	0	0	0	0
PD34201_56_control	0.353708046200847	0.552454913523785	0.093837040275368	0	0	0	0	0	0	0
PD34201_5_control	0.353882851354571	0.543079028723514	0.103038119921916	0	0	0	0	0	0	0
PD34201_46_control	0.38785817718404	0.487590005810345	0.124551817005615	0	0	0	0	0	0	0
PD34201_18_control	0.311389557121468	0.596922606209	0.0916878366695327	0	0	0	0	0	0	0
PD34201_41_control	0.305378872143389	0.588960288945382	0.105660838911229	0	0	0	0	0	0	0
PD34201_27_control	0.384134083705873	0.519063853672832	0.0968020626212948	0	0	0	0	0	0	0
PD34201_10_control	0.359021196100438	0.546685463971046	0.094293339928516	0	0	0	0	0	0	0
PD34201_26_control	0.334436642687166	0.554519841794815	0.111043515518019	0	0	0	0	0	0	0
PD34201_6_control	0.314863358313145	0.556964857712236	0.128171783974618	0	0	0	0	0	0	0
PD34201_43_control	0.376183238732009	0.532133942263101	0.0916828190048901	0	0	0	0	0	0	0
PD34201_4_control	0.434714372907745	0.436372228211483	0.128913398880772	0	0	0	0	0	0	0
PD34201_38_control	0.291867906685711	0.59893207481516	0.0545271612216748	0	0	0.0546728572774542	0	0	0	0
PD34201_11_control	0.363028722459946	0.510492376552446	0.126478900987608	0	0	0	0	0	0	0
PD34201_35_control	0.33983249292788	0.571337740695358	0.0888297663767618	0	0	0	0	0	0	0
PD34201_52_control	0.334671708055435	0.595948435772327	0.0693798561722371	0	0	0	0	0	0	0
PD34201_12_control	0.368890078507911	0.511874379261424	0.119235542230665	0	0	0	0	0	0	0
PD34201_17_control	0.385102945190254	0.51567771581897	0.0992193389907757	0	0	0	0	0	0	0
PD34201_23_control	0.369408040111894	0.523125003115615	0.10746695677249	0	0	0	0	0	0	0
PD34201_13_control	0.302991766976054	0.576532894901313	0.120475338122632	0	0	0	0	0	0	0
PD34201_44_control	0.381480681202447	0.512793422307772	0.105725896489781	0	0	0	0	0	0	0
PD34201_24_control	0.367860961329401	0.496136620449072	0.136002418221527	0	0	0	0	0	0	0
PD34201_1_control	0.374620604307	0.515700503798252	0.109678891894747	0	0	0	0	0	0	0
PD34201_48_control	0.248835134113706	0.687997133323909	0.0631677325623851	0	0	0	0	0	0	0
PD34201_77_control	0.316217109583451	0.683782890416549	0	0	0	0	0	0	0	0
PD34201_22_control	0.334327498308959	0.563988939034647	0.101683562656393	0	0	0	0	0	0	0
PD34201_15_control	0.297186750048925	0.640932429993242	0.061880819957833	0	0	0	0	0	0	0
PD34201_9_control	0.37507071779084	0.52339483454668	0.101534447662479	0	0	0	0	0	0	0
PD34201_36_control	0.30142933147121	0.589750513915539	0.108820154613251	0	0	0	0	0	0	0
PD34201_3_control	0.374437061652618	0.515103753719676	0.110459184627705	0	0	0	0	0	0	0
PD34201_55_control	0.351557849037778	0.58623202217099	0.062210128791232	0	0	0	0	0	0	0
PD34201_30_control	0.398005846191433	0.495586514982174	0.106407638826392	0	0	0	0	0	0	0
PD34201_51_control	0.287310651252689	0.646390183316175	0.0662991654311362	0	0	0	0	0	0	0
PD34201_37_control	0.281757978370995	0.647659361629794	0.0705826599992112	0	0	0	0	0	0	0
PD34201_8_control	0.351898806274493	0.539677891690552	0.108423302034955	0	0	0	0	0	0	0
PD34201_45_control	0.347356775565866	0.548478049376686	0.104165175057448	0	0	0	0	0	0	0
PD34201_28_control	0.380391417343352	0.533706916595756	0.0859016660608927	0	0	0	0	0	0	0
PD34201_54_control	0.351113561150179	0.576163554283382	0.0727228845664397	0	0	0	0	0	0	0
PD34201_19_control	0.334915452969972	0.554316157961932	0.110768389068096	0	0	0	0	0	0	0
PD34201_21_control	0.364675276077036	0.553906093257458	0.0814186306655055	0	0	0	0	0	0	0
PD34201_84_control	0.350897750861652	0.54812133858759	0.100980910550758	0	0	0	0	0	0	0
PD34201_2_control	0.376227634351791	0.548786615188485	0.0749857504597238	0	0	0	0	0	0	0
PD34201_47_control	0.353609423092679	0.646390576907321	0	0	0	0	0	0	0	0
PD34201_29_control	0.336691451336799	0.576876523441579	0.086432025221623	0	0	0	0	0	0	0
PD34201_25_control	0.369386623002085	0.542561242156334	0.0880521348415814	0	0	0	0	0	0	0
PD34201_53_control	0.37443280575369	0.534466578491586	0.0911006157547243	0	0	0	0	0	0	0
PD34201_70_control	0.368103858568766	0.486281451656761	0.145614689774473	0	0	0	0	0	0	0
PD34201_109_control	0.53627639818041	0.38303525482166	0.0806883469979302	0	0	0	0	0	0	0
PD34201_99_control	0.449654036312242	0.434150479097802	0.116195484589956	0	0	0	0	0	0	0
PD34202_3_control	0.368216910404599	0.379627622392715	0.170725449824234	0	0	0.0814300173784517	0	0	0	0
PD34202_1_control	0.353264382206865	0.438481784974074	0.145072744261254	0	0	0.0631810885578072	0	0	0	0
PD34202_4_control	0.302750608480021	0.520863205694136	0.176386185825843	0	0	0	0	0	0	0
PD34202_6_control	0.38724134442633	0.507451587720195	0.105307067853474	0	0	0	0	0	0	0
PD34202_2_control	0.385004209621942	0.481382200162263	0.133613590215795	0	0	0	0	0	0	0
PD34202_5_control	0.318520917329581	0.428452316468643	0.142280638089289	0	0	0.110746128112486	0	0	0	0
PD37266_5_control	0.385098805421784	0.462202298810189	0.152698895768027	0	0	0	0	0	0	0
PD37266_12_control	0.37604093374051	0.439937229937201	0.184021836322289	0	0	0	0	0	0	0
PD37266_2_control	0.370157708722237	0.509419268376472	0.120423022901292	0	0	0	0	0	0	0
PD37266_8_control	0.355965325715505	0.465654591791896	0.178380082492599	0	0	0	0	0	0	0
PD37266_9_control	0.401141849190911	0.436603372805854	0.162254778003235	0	0	0	0	0	0	0
PD37266_3_control	0.355136574519596	0.499601094728772	0.145262330751631	0	0	0	0	0	0	0
PD37266_7_control	0.408119907583686	0.43841470012084	0.153465392295474	0	0	0	0	0	0	0
PD37266_6_control	0.369555257499306	0.450008327509894	0.1804364149908	0	0	0	0	0	0	0
PD37266_10_control	0.379420266678225	0.439344712429561	0.181235020892215	0	0	0	0	0	0	0
PD37266_13_control	0.320252114630973	0.526335215156181	0.153412670212846	0	0	0	0	0	0	0
PD37266_11_control	0.386008837433136	0.423140477631982	0.190850684934882	0	0	0	0	0	0	0
PD37266_1_control	0.39467341320526	0.460812386361541	0.1445142004332	0	0	0	0	0	0	0
PD37266_4_control	0.386023686173106	0.45383228297548	0.160144030851414	0	0	0	0	0	0	0
PD37449_5_control	0.102966863242651	0.325965003851615	0	0	0	0.571068132905734	0	0	0	0
PD37449_13_control	0.144026833307938	0.275231241428894	0	0	0	0.580741925263168	0	0	0	0
PD37449_12_control	0.196967425912413	0.26770905904783	0.0706352261010074	0	0	0.46468828893875	0	0	0	0
PD37449_2_control	0.175993859279635	0.275994318174607	0.0580903044819199	0	0	0.489921518063838	0	0	0	0
PD37449_18_control	0.136216519888341	0.31659055616032	0	0	0	0.547192923951339	0	0	0	0
PD37449_20_control	0.173638919832265	0.303926825353214	0.0581756376708225	0	0	0.464258617143699	0	0	0	0
PD37449_1_control	0.106072852240595	0.257167361845735	0	0	0	0.63675978591367	0	0	0	0
PD37449_16_control	0.116957595968425	0.383672520183896	0	0	0	0.499369883847679	0	0	0	0
PD37449_17_control	0.128578270029102	0.271865652565379	0	0	0	0.59955607740552	0	0	0	0
PD37449_6_control	0.154723819844716	0.303616712861148	0	0	0	0.541659467294136	0	0	0	0
PD37449_29_control	0	0.139373235371767	0	0	0	0.860626764628233	0	0	0	0
PD37449_11_control	0.165202641461739	0.277416805981872	0.0606543093034956	0	0	0.496726243252893	0	0	0	0
PD37449_15_control	0.263067318484776	0.285786091084882	0.0595428983271128	0	0	0.391603692103229	0	0	0	0
PD37449_19_control	0.210166885911537	0.311876962312127	0	0	0	0.477956151776336	0	0	0	0
PD37449_14_control	0.237889142486284	0.325894001309721	0	0	0	0.436216856203995	0	0	0	0
PD37449_9_control	0.402012869606048	0.466508685145251	0.1314784452487	0	0	0	0	0	0	0
PD37449_26_control	0.212253202185896	0.243311989537719	0.0826194862144048	0	0	0.46181532206198	0	0	0	0
PD37449_7_control	0.426328940209066	0.360431513206701	0.213239546584233	0	0	0	0	0	0	0
PD37449_10_control	0.31536238703952	0.399466270314823	0.226673678936352	0.0407034370844327	0.0177942266248725	0	0	0	0	0
PD37449_3_control	0.383808285099792	0.246158087352681	0.370033627547526	0	0	0	0	0	0	0
PD37449_31_control	0.0874299218277751	0.211288419531198	0	0	0	0.701281658641027	0	0	0	0
PD37449_30_control	0.176403778993999	0.257744118148771	0	0	0	0.56585210285723	0	0	0	0
PD37449_8_control	0.368238819544593	0.476695077545771	0.155066102909636	0	0	0	0	0	0	0
PD37590_13_control	0.334399330205929	0.457113412510188	0.136579472615727	0	0	0	0.0719077846681556	0	0	0
PD37590_5_control	0.39736112005268	0.414568267112426	0.188070612834894	0	0	0	0	0	0	0
PD37590_2_control	0.394898358138365	0.44360096311124	0.161500678750395	0	0	0	0	0	0	0
PD37590_9_control	0.352263853237319	0.50927642369925	0.138459723063432	0	0	0	0	0	0	0
PD37590_7_control	0.336387800792209	0.520158869412182	0.14345332979561	0	0	0	0	0	0	0
PD37590_17_control	0.400338468824594	0.451440244083343	0.148221287092063	0	0	0	0	0	0	0
PD37590_28_control	0.310812547441407	0.470963127912405	0.0944244107676361	0	0	0	0.123799913878553	0	0	0
PD37590_3_control	0.402133466830694	0.453095118649723	0.144771414519584	0	0	0	0	0	0	0
PD37590_46_control	0.327651761178821	0.610557248782775	0.0617909900384046	0	0	0	0	0	0	0
PD37590_6_control	0.333592096984482	0.512837522863597	0.153570380151921	0	0	0	0	0	0	0
PD37590_26_control	0.308773631376834	0.56137703851548	0.129849330107685	0	0	0	0	0	0	0
PD37590_10_control	0.263132655323418	0.573161256482032	0.101743400621386	0	0	0	0.0619626875731641	0	0	0
PD37590_8_control	0.375390722927437	0.483496930924037	0.141112346148525	0	0	0	0	0	0	0
PD37590_21_control	0.311632332381014	0.495559991718468	0.109645676598413	0	0	0	0.0831619993021053	0	0	0
PD37590_25_control	0.305471181622009	0.560840079779731	0.13368873859826	0	0	0	0	0	0	0
PD37590_22_control	0.357002617446403	0.518376290721807	0.12462109183179	0	0	0	0	0	0	0
PD37590_12_control	0.368495559974112	0.472779170794223	0.108947207018191	0	0	0	0.049778062213474	0	0	0
PD37590_20_control	0.379406696959954	0.442050132815161	0.124015809345246	0	0	0	0.0545273608796396	0	0	0
PD37590_18_control	0.417719225180027	0.419697885498331	0.162582889321643	0	0	0	0	0	0	0
PD37590_19_control	0.416792316528328	0.43654792438853	0.146659759083142	0	0	0	0	0	0	0
PD37590_47_control	0.314466074136439	0.570973070345632	0.11456085551793	0	0	0	0	0	0	0
PD37590_4_control	0.43020794472648	0.38851922621079	0.18127282906273	0	0	0	0	0	0	0
PD37590_11_control	0.286915981060451	0.520147071202856	0.121951440596835	0	0	0	0.0709855071398577	0	0	0
PD37590_24_control	0.310606617612355	0.47082199608005	0.13458271663089	0	0	0	0.0839886696767048	0	0	0
PD37590_16_control	0.373721214226112	0.462559296650795	0.163719489123094	0	0	0	0	0	0	0
PD37590_27_control	0.283629409789322	0.552707769564815	0.103191442279089	0	0	0	0.0604713783667734	0	0	0
PD37590_23_control	0.374890129921376	0.484104148160753	0.141005721917871	0	0	0	0	0	0	0
PD37590_1_control	0.408681174742072	0.430983466984885	0.160335358273043	0	0	0	0	0	0	0
PD37590_14_control	0.400434155646935	0.457740829110377	0.141825015242688	0	0	0	0	0	0	0
PD37590_45_control	0.375396701128852	0.308089639864632	0	0	0	0.0949879428204299	0.221525716186086	0	0	0
PD37590_15_control	0.345462803886448	0.468132984067991	0.128119183570485	0	0	0	0.0582850284750755	0	0	0
PD37590_52_control	0.278499826915656	0.104734949815225	0.0785003325671307	0	0	0.151150444090912	0.387114446611076	0	0	0
PD37590_55_control	0.281321992802405	0.173944299458767	0	0	0	0.0960375827583354	0.448696124980493	0	0	0
PD37590_37_control	0.336191248272275	0.505386174027859	0.158422577699866	0	0	0	0	0	0	0
PD37590_36_control	0.278176611330323	0.313266900850332	0.0677872911631634	0.0346117169851738	0.0261218335149365	0	0.280035646156072	0	0	0
